"area_fips","own_code","industry_code","agglvl_code","size_code","year","qtr","disclosure_code","area_title","own_title","industry_title","agglvl_title","size_title","annual_avg_estabs_count","annual_avg_emplvl","total_annual_wages","taxable_annual_wages","annual_contributions","annual_avg_wkly_wage","avg_annual_pay","lq_disclosure_code","lq_annual_avg_estabs_count","lq_annual_avg_emplvl","lq_total_annual_wages","lq_taxable_annual_wages","lq_annual_contributions","lq_annual_avg_wkly_wage","lq_avg_annual_pay","oty_disclosure_code","oty_annual_avg_estabs_count_chg","oty_annual_avg_estabs_count_pct_chg","oty_annual_avg_emplvl_chg","oty_annual_avg_emplvl_pct_chg","oty_total_annual_wages_chg","oty_total_annual_wages_pct_chg","oty_taxable_annual_wages_chg","oty_taxable_annual_wages_pct_chg","oty_annual_contributions_chg","oty_annual_contributions_pct_chg","oty_annual_avg_wkly_wage_chg","oty_annual_avg_wkly_wage_pct_chg","oty_avg_annual_pay_chg","oty_avg_annual_pay_pct_chg"
"34007","0","10","70","0","1990","A","","Camden County, New Jersey","Total Covered","Total, all industries","County, Total Covered","All establishment sizes",11257,200851,4962438397,0,0,475,24707,"",1.00,1.00,1.00,0.00,0.00,1.00,1.00,"",165,1.5,-5952,-2.9,58045784,1.2,-1950721469,-100.0,-40663454,-100.0,19,4.2,992,4.2
"34007","1","10","71","0","1990","A","","Camden County, New Jersey","Federal Government","Total, all industries","County, Total -- by ownership sector","All establishment sizes",46,3269,111797745,0,0,658,34201,"",0.54,0.55,0.59,0.00,0.00,1.08,1.08,"",0,0.0,-90,-2.7,9044212,8.8,0,0.0,0,0.0,70,11.9,3611,11.8
"34007","1","102","72","0","1990","A","","Camden County, New Jersey","Federal Government","Service-providing","County, by Domain -- by ownership sector","All establishment sizes",46,3269,111797745,0,0,658,34201,"",0.54,0.57,0.62,0.00,0.00,1.08,1.08,"N",0,0,0,0,0,0,0,0,0,0,0,0,0,0
"34007","1","1021","73","0","1990","A","","Camden County, New Jersey","Federal Government","Trade, transportation, and utilities","County, by Supersector -- by ownership sector","All establishment sizes",26,2765,94512573,0,0,657,34185,"",0.80,1.56,1.65,0.00,0.00,1.06,1.06,"N",0,0,0,0,0,0,0,0,0,0,0,0,0,0
"34007","1","1028","73","0","1990","A","","Camden County, New Jersey","Federal Government","Public administration","County, by Supersector -- by ownership sector","All establishment sizes",17,459,15847831,0,0,664,34521,"",0.38,0.15,0.16,0.00,0.00,1.09,1.09,"N",0,0,0,0,0,0,0,0,0,0,0,0,0,0
"34007","1","48-49","74","0","1990","A","","Camden County, New Jersey","Federal Government","Transportation and warehousing","County, NAICS Sector -- by ownership sector","All establishment sizes",26,2765,94512573,0,0,657,34185,"",0.82,1.72,1.74,0.00,0.00,1.01,1.01,"N",0,0,0,0,0,0,0,0,0,0,0,0,0,0
"34007","1","491","75","0","1990","A","","Camden County, New Jersey","Federal Government","Postal service","County, NAICS 3-digit -- by ownership sector","All establishment sizes",26,2765,94512573,0,0,657,34185,"",0.84,1.81,1.86,0.00,0.00,1.02,1.02,"N",0,0,0,0,0,0,0,0,0,0,0,0,0,0
"34007","1","4911","76","0","1990","A","","Camden County, New Jersey","Federal Government","Postal service","County, NAICS 4-digit -- by ownership sector","All establishment sizes",26,2765,94512573,0,0,657,34185,"",0.84,1.81,1.86,0.00,0.00,1.02,1.02,"N",0,0,0,0,0,0,0,0,0,0,0,0,0,0
"34007","1","49111","77","0","1990","A","","Camden County, New Jersey","Federal Government","Postal service","County, NAICS 5-digit -- by ownership sector","All establishment sizes",26,2765,94512573,0,0,657,34185,"",0.84,1.81,1.86,0.00,0.00,1.02,1.02,"N",0,0,0,0,0,0,0,0,0,0,0,0,0,0
"34007","1","491110","78","0","1990","A","","Camden County, New Jersey","Federal Government","Postal service","County, NAICS 6-digit -- by ownership sector","All establishment sizes",26,2765,94512573,0,0,657,34185,"",0.84,1.81,1.86,0.00,0.00,1.02,1.02,"N",0,0,0,0,0,0,0,0,0,0,0,0,0,0
"34007","1","92","74","0","1990","A","","Camden County, New Jersey","Federal Government","Public administration","County, NAICS Sector -- by ownership sector","All establishment sizes",17,459,15847831,0,0,664,34521,"",0.38,0.15,0.16,0.00,0.00,1.09,1.09,"N",0,0,0,0,0,0,0,0,0,0,0,0,0,0
"34007","1","921","75","0","1990","A","","Camden County, New Jersey","Federal Government","Executive, legislative and general government","County, NAICS 3-digit -- by ownership sector","All establishment sizes",2,131,4606077,0,0,677,35183,"",0.56,0.27,0.31,0.00,0.00,1.14,1.14,"N",0,0,0,0,0,0,0,0,0,0,0,0,0,0
"34007","1","9211","76","0","1990","A","","Camden County, New Jersey","Federal Government","Executive, legislative and general government","County, NAICS 4-digit -- by ownership sector","All establishment sizes",2,131,4606077,0,0,677,35183,"",0.56,0.27,0.31,0.00,0.00,1.14,1.14,"N",0,0,0,0,0,0,0,0,0,0,0,0,0,0
"34007","1","92113","77","0","1990","A","","Camden County, New Jersey","Federal Government","Public finance activities","County, NAICS 5-digit -- by ownership sector","All establishment sizes",1,113,4205196,0,0,714,37132,"",0.44,0.40,0.48,0.00,0.00,1.21,1.21,"N",0,0,0,0,0,0,0,0,0,0,0,0,0,0
"34007","1","921130","78","0","1990","A","","Camden County, New Jersey","Federal Government","Public finance activities","County, NAICS 6-digit -- by ownership sector","All establishment sizes",1,113,4205196,0,0,714,37132,"",0.44,0.40,0.48,0.00,0.00,1.21,1.21,"N",0,0,0,0,0,0,0,0,0,0,0,0,0,0
"34007","1","92119","77","0","1990","A","","Camden County, New Jersey","Federal Government","Other general government support","County, NAICS 5-digit -- by ownership sector","All establishment sizes",1,18,400881,0,0,436,22691,"",0.79,0.11,0.08,0.00,0.00,0.75,0.75,"N",0,0,0,0,0,0,0,0,0,0,0,0,0,0
"34007","1","921190","78","0","1990","A","","Camden County, New Jersey","Federal Government","Other general government support","County, NAICS 6-digit -- by ownership sector","All establishment sizes",1,18,400881,0,0,436,22691,"",0.79,0.11,0.08,0.00,0.00,0.75,0.75,"N",0,0,0,0,0,0,0,0,0,0,0,0,0,0
"34007","1","922","75","0","1990","A","","Camden County, New Jersey","Federal Government","Justice, public order, and safety activities","County, NAICS 3-digit -- by ownership sector","All establishment sizes",3,129,4675786,0,0,699,36364,"",0.95,0.64,0.62,0.00,0.00,0.97,0.97,"N",0,0,0,0,0,0,0,0,0,0,0,0,0,0
"34007","1","9221","76","0","1990","A","","Camden County, New Jersey","Federal Government","Justice, public order, and safety activities","County, NAICS 4-digit -- by ownership sector","All establishment sizes",3,129,4675786,0,0,699,36364,"",0.95,0.64,0.62,0.00,0.00,0.97,0.97,"N",0,0,0,0,0,0,0,0,0,0,0,0,0,0
"34007","1","92211","77","0","1990","A","","Camden County, New Jersey","Federal Government","Courts","County, NAICS 5-digit -- by ownership sector","All establishment sizes",1,79,2510930,0,0,615,31986,"",1.29,1.77,1.68,0.00,0.00,0.96,0.96,"N",0,0,0,0,0,0,0,0,0,0,0,0,0,0
"34007","1","922110","78","0","1990","A","","Camden County, New Jersey","Federal Government","Courts","County, NAICS 6-digit -- by ownership sector","All establishment sizes",1,79,2510930,0,0,615,31986,"",1.29,1.77,1.68,0.00,0.00,0.96,0.96,"N",0,0,0,0,0,0,0,0,0,0,0,0,0,0
"34007","1","92212","77","0","1990","A","","Camden County, New Jersey","Federal Government","Police protection","County, NAICS 5-digit -- by ownership sector","All establishment sizes",2,50,2164856,0,0,831,43225,"",1.40,0.94,0.99,0.00,0.00,1.05,1.05,"N",0,0,0,0,0,0,0,0,0,0,0,0,0,0
"34007","1","922120","78","0","1990","A","","Camden County, New Jersey","Federal Government","Police protection","County, NAICS 6-digit -- by ownership sector","All establishment sizes",2,50,2164856,0,0,831,43225,"",1.40,0.94,0.99,0.00,0.00,1.05,1.05,"N",0,0,0,0,0,0,0,0,0,0,0,0,0,0
"34007","1","923","75","0","1990","A","","Camden County, New Jersey","Federal Government","Administration of human resource programs","County, NAICS 3-digit -- by ownership sector","All establishment sizes",1,89,2853156,0,0,615,31998,"",0.29,0.35,0.32,0.00,0.00,0.93,0.93,"N",0,0,0,0,0,0,0,0,0,0,0,0,0,0
"34007","1","9231","76","0","1990","A","","Camden County, New Jersey","Federal Government","Administration of human resource programs","County, NAICS 4-digit -- by ownership sector","All establishment sizes",1,89,2853156,0,0,615,31998,"",0.29,0.35,0.32,0.00,0.00,0.93,0.93,"N",0,0,0,0,0,0,0,0,0,0,0,0,0,0
"34007","1","92313","77","0","1990","A","","Camden County, New Jersey","Federal Government","Other human resource programs administration","County, NAICS 5-digit -- by ownership sector","All establishment sizes",1,89,2853156,0,0,615,31998,"",0.39,0.61,0.61,0.00,0.00,1.00,1.00,"N",0,0,0,0,0,0,0,0,0,0,0,0,0,0
"34007","1","923130","78","0","1990","A","","Camden County, New Jersey","Federal Government","Other human resource programs administration","County, NAICS 6-digit -- by ownership sector","All establishment sizes",1,89,2853156,0,0,615,31998,"",0.39,0.61,0.61,0.00,0.00,1.00,1.00,"N",0,0,0,0,0,0,0,0,0,0,0,0,0,0
"34007","1","925","75","0","1990","A","","Camden County, New Jersey","Federal Government","Community and housing program administration","County, NAICS 3-digit -- by ownership sector","All establishment sizes",1,28,906727,0,0,614,31908,"",3.90,1.12,0.98,0.00,0.00,0.86,0.86,"N",0,0,0,0,0,0,0,0,0,0,0,0,0,0
"34007","1","9251","76","0","1990","A","","Camden County, New Jersey","Federal Government","Community and housing program administration","County, NAICS 4-digit -- by ownership sector","All establishment sizes",1,28,906727,0,0,614,31908,"",3.90,1.12,0.98,0.00,0.00,0.86,0.86,"N",0,0,0,0,0,0,0,0,0,0,0,0,0,0
"34007","1","92511","77","0","1990","A","","Camden County, New Jersey","Federal Government","Administration of housing programs","County, NAICS 5-digit -- by ownership sector","All establishment sizes",1,28,906727,0,0,614,31908,"",4.99,1.32,1.13,0.00,0.00,0.85,0.84,"N",0,0,0,0,0,0,0,0,0,0,0,0,0,0
"34007","1","925110","78","0","1990","A","","Camden County, New Jersey","Federal Government","Administration of housing programs","County, NAICS 6-digit -- by ownership sector","All establishment sizes",1,28,906727,0,0,614,31908,"",4.99,1.32,1.13,0.00,0.00,0.85,0.84,"N",0,0,0,0,0,0,0,0,0,0,0,0,0,0
"34007","1","926","75","0","1990","A","","Camden County, New Jersey","Federal Government","Administration of economic programs","County, NAICS 3-digit -- by ownership sector","All establishment sizes",9,65,2378275,0,0,700,36402,"",0.51,0.14,0.17,0.00,0.00,1.25,1.25,"N",0,0,0,0,0,0,0,0,0,0,0,0,0,0
"34007","1","9261","76","0","1990","A","","Camden County, New Jersey","Federal Government","Administration of economic programs","County, NAICS 4-digit -- by ownership sector","All establishment sizes",9,65,2378275,0,0,700,36402,"",0.51,0.14,0.17,0.00,0.00,1.25,1.25,"N",0,0,0,0,0,0,0,0,0,0,0,0,0,0
"34007","1","92611","77","0","1990","A","","Camden County, New Jersey","Federal Government","Administration of general economic programs","County, NAICS 5-digit -- by ownership sector","All establishment sizes",2,20,850504,0,0,839,43616,"",0.38,0.08,0.17,0.00,0.00,2.20,2.20,"N",0,0,0,0,0,0,0,0,0,0,0,0,0,0
"34007","1","926110","78","0","1990","A","","Camden County, New Jersey","Federal Government","Administration of general economic programs","County, NAICS 6-digit -- by ownership sector","All establishment sizes",2,20,850504,0,0,839,43616,"",0.38,0.08,0.17,0.00,0.00,2.20,2.20,"N",0,0,0,0,0,0,0,0,0,0,0,0,0,0
"34007","1","92612","77","0","1990","A","","Camden County, New Jersey","Federal Government","Transportation program administration","County, NAICS 5-digit -- by ownership sector","All establishment sizes",1,0,8370,0,0,483,25110,"",0.96,0.00,0.00,0.00,0.00,0.56,0.56,"N",0,0,0,0,0,0,0,0,0,0,0,0,0,0
"34007","1","926120","78","0","1990","A","","Camden County, New Jersey","Federal Government","Transportation program administration","County, NAICS 6-digit -- by ownership sector","All establishment sizes",1,0,8370,0,0,483,25110,"",0.96,0.00,0.00,0.00,0.00,0.56,0.56,"N",0,0,0,0,0,0,0,0,0,0,0,0,0,0
"34007","1","92614","77","0","1990","A","","Camden County, New Jersey","Federal Government","Agricultural market and commodity regulation","County, NAICS 5-digit -- by ownership sector","All establishment sizes",5,18,615707,0,0,673,35017,"",0.49,0.19,0.20,0.00,0.00,1.06,1.07,"N",0,0,0,0,0,0,0,0,0,0,0,0,0,0
"34007","1","926140","78","0","1990","A","","Camden County, New Jersey","Federal Government","Agricultural market and commodity regulation","County, NAICS 6-digit -- by ownership sector","All establishment sizes",5,18,615707,0,0,673,35017,"",0.49,0.19,0.20,0.00,0.00,1.06,1.07,"N",0,0,0,0,0,0,0,0,0,0,0,0,0,0
"34007","1","92615","77","0","1990","A","","Camden County, New Jersey","Federal Government","Licensing and regulating commercial sectors","County, NAICS 5-digit -- by ownership sector","All establishment sizes",2,28,903694,0,0,623,32371,"",1.98,0.76,0.62,0.00,0.00,0.82,0.82,"N",0,0,0,0,0,0,0,0,0,0,0,0,0,0
"34007","1","926150","78","0","1990","A","","Camden County, New Jersey","Federal Government","Licensing and regulating commercial sectors","County, NAICS 6-digit -- by ownership sector","All establishment sizes",2,28,903694,0,0,623,32371,"",1.98,0.76,0.62,0.00,0.00,0.82,0.82,"N",0,0,0,0,0,0,0,0,0,0,0,0,0,0
"34007","1","928","75","0","1990","A","","Camden County, New Jersey","Federal Government","National security and international affairs","County, NAICS 3-digit -- by ownership sector","All establishment sizes",1,17,427810,0,0,494,25669,"",0.23,0.01,0.01,0.00,0.00,0.82,0.82,"N",0,0,0,0,0,0,0,0,0,0,0,0,0,0
"34007","1","9281","76","0","1990","A","","Camden County, New Jersey","Federal Government","National security and international affairs","County, NAICS 4-digit -- by ownership sector","All establishment sizes",1,17,427810,0,0,494,25669,"",0.23,0.01,0.01,0.00,0.00,0.82,0.82,"N",0,0,0,0,0,0,0,0,0,0,0,0,0,0
"34007","1","92811","77","0","1990","A","","Camden County, New Jersey","Federal Government","National security","County, NAICS 5-digit -- by ownership sector","All establishment sizes",1,17,427810,0,0,494,25669,"",0.24,0.01,0.01,0.00,0.00,0.83,0.83,"N",0,0,0,0,0,0,0,0,0,0,0,0,0,0
"34007","1","928110","78","0","1990","A","","Camden County, New Jersey","Federal Government","National security","County, NAICS 6-digit -- by ownership sector","All establishment sizes",1,17,427810,0,0,494,25669,"",0.24,0.01,0.01,0.00,0.00,0.83,0.83,"N",0,0,0,0,0,0,0,0,0,0,0,0,0,0
"34007","2","10","71","0","1990","A","","Camden County, New Jersey","State Government","Total, all industries","County, Total -- by ownership sector","All establishment sizes",4,2523,81236859,0,0,619,32203,"",0.04,0.34,0.41,0.00,0.00,1.18,1.18,"",0,0.0,116,4.8,8868544,12.3,-1842083,-100.0,-34321,-100.0,41,7.1,2138,7.1
"34007","3","10","71","0","1990","A","","Camden County, New Jersey","Local Government","Total, all industries","County, Total -- by ownership sector","All establishment sizes",126,23442,602838713,0,0,495,25716,"",0.66,1.20,1.25,0.00,0.00,1.04,1.04,"",2,1.6,434,1.9,51312384,9.3,-12667815,-100.0,-140617,-100.0,35,7.6,1745,7.3
"34007","3","102","72","0","1990","A","","Camden County, New Jersey","Local Government","Service-providing","County, by Domain -- by ownership sector","All establishment sizes",126,23442,602838713,0,0,495,25716,"",0.68,1.21,1.26,0.00,0.00,1.04,1.04,"N",0,0,0,0,0,0,0,0,0,0,0,0,0,0
"34007","3","1021","73","0","1990","A","","Camden County, New Jersey","Local Government","Trade, transportation, and utilities","County, by Supersector -- by ownership sector","All establishment sizes",15,372,9576716,0,0,495,25721,"",0.93,0.48,0.39,0.00,0.00,0.80,0.80,"N",0,0,0,0,0,0,0,0,0,0,0,0,0,0
"34007","3","1025","73","0","1990","A","","Camden County, New Jersey","Local Government","Education and health services","County, by Supersector -- by ownership sector","All establishment sizes",42,14645,392730255,0,0,516,26816,"",0.91,1.22,1.35,0.00,0.00,1.11,1.10,"N",0,0,0,0,0,0,0,0,0,0,0,0,0,0
"34007","3","1028","73","0","1990","A","","Camden County, New Jersey","Local Government","Public administration","County, by Supersector -- by ownership sector","All establishment sizes",64,8007,191239972,0,0,459,23886,"",0.64,1.40,1.32,0.00,0.00,0.95,0.95,"N",0,0,0,0,0,0,0,0,0,0,0,0,0,0
"34007","3","22132","77","0","1990","A","","Camden County, New Jersey","Local Government","Sewage treatment facilities","County, NAICS 5-digit -- by ownership sector","All establishment sizes",13,337,8704417,0,0,497,25829,"",3.48,3.26,2.89,0.00,0.00,0.88,0.88,"N",0,0,0,0,0,0,0,0,0,0,0,0,0,0
"34007","3","221320","78","0","1990","A","","Camden County, New Jersey","Local Government","Sewage treatment facilities","County, NAICS 6-digit -- by ownership sector","All establishment sizes",13,337,8704417,0,0,497,25829,"",3.48,3.26,2.89,0.00,0.00,0.88,0.88,"N",0,0,0,0,0,0,0,0,0,0,0,0,0,0
"34007","3","6111","76","0","1990","A","","Camden County, New Jersey","Local Government","Elementary and secondary schools","County, NAICS 4-digit -- by ownership sector","All establishment sizes",37,11800,322661588,0,0,526,27345,"",1.02,1.20,1.32,0.00,0.00,1.10,1.10,"N",0,0,0,0,0,0,0,0,0,0,0,0,0,0
"34007","3","61111","77","0","1990","A","","Camden County, New Jersey","Local Government","Elementary and secondary schools","County, NAICS 5-digit -- by ownership sector","All establishment sizes",37,11800,322661588,0,0,526,27345,"",1.02,1.20,1.32,0.00,0.00,1.10,1.10,"N",0,0,0,0,0,0,0,0,0,0,0,0,0,0
"34007","3","611110","78","0","1990","A","","Camden County, New Jersey","Local Government","Elementary and secondary schools","County, NAICS 6-digit -- by ownership sector","All establishment sizes",37,11800,322661588,0,0,526,27345,"",1.02,1.20,1.32,0.00,0.00,1.10,1.10,"N",0,0,0,0,0,0,0,0,0,0,0,0,0,0
"34007","3","92","74","0","1990","A","","Camden County, New Jersey","Local Government","Public administration","County, NAICS Sector -- by ownership sector","All establishment sizes",64,8007,191239972,0,0,459,23886,"",0.64,1.40,1.32,0.00,0.00,0.95,0.95,"N",0,0,0,0,0,0,0,0,0,0,0,0,0,0
"34007","3","921","75","0","1990","A","","Camden County, New Jersey","Local Government","Executive, legislative and general government","County, NAICS 3-digit -- by ownership sector","All establishment sizes",37,7583,181658923,0,0,461,23957,"",0.58,1.92,1.99,0.00,0.00,1.04,1.04,"N",0,0,0,0,0,0,0,0,0,0,0,0,0,0
"34007","3","9211","76","0","1990","A","","Camden County, New Jersey","Local Government","Executive, legislative and general government","County, NAICS 4-digit -- by ownership sector","All establishment sizes",37,7583,181658923,0,0,461,23957,"",0.58,1.92,1.99,0.00,0.00,1.04,1.04,"N",0,0,0,0,0,0,0,0,0,0,0,0,0,0
"34007","3","922","75","0","1990","A","","Camden County, New Jersey","Local Government","Justice, public order, and safety activities","County, NAICS 3-digit -- by ownership sector","All establishment sizes",16,156,3186656,0,0,392,20395,"",0.95,0.14,0.09,0.00,0.00,0.64,0.64,"N",0,0,0,0,0,0,0,0,0,0,0,0,0,0
"34007","3","9221","76","0","1990","A","","Camden County, New Jersey","Local Government","Justice, public order, and safety activities","County, NAICS 4-digit -- by ownership sector","All establishment sizes",16,156,3186656,0,0,392,20395,"",0.95,0.14,0.09,0.00,0.00,0.64,0.64,"N",0,0,0,0,0,0,0,0,0,0,0,0,0,0
"34007","5","10","71","0","1990","A","","Camden County, New Jersey","Private","Total, all industries","County, Total -- by ownership sector","All establishment sizes",11081,171618,4166565080,0,0,467,24278,"",1.02,1.02,1.02,0.00,0.00,1.00,1.00,"",163,1.5,-6411,-3.6,-11179356,-0.3,-1936211571,-100.0,-40488516,-100.0,16,3.5,812,3.5
"34007","5","101","72","0","1990","A","","Camden County, New Jersey","Private","Goods-producing","County, by Domain -- by ownership sector","All establishment sizes",2157,36775,1057266306,0,0,553,28749,"",0.99,0.80,0.81,0.00,0.00,1.01,1.01,"N",0,0,0,0,0,0,0,0,0,0,0,0,0,0
"34007","5","1011","73","0","1990","A","","Camden County, New Jersey","Private","Natural resources and mining","County, by Supersector -- by ownership sector","All establishment sizes",29,280,6187746,0,0,425,22106,"",0.13,0.09,0.08,0.00,0.00,0.93,0.93,"N",0,0,0,0,0,0,0,0,0,0,0,0,0,0
"34007","5","1012","73","0","1990","A","","Camden County, New Jersey","Private","Construction","County, by Supersector -- by ownership sector","All establishment sizes",1393,10136,313237456,0,0,594,30904,"",1.14,1.06,1.19,0.00,0.00,1.12,1.12,"N",0,0,0,0,0,0,0,0,0,0,0,0,0,0
"34007","5","1013","73","0","1990","A","","Camden County, New Jersey","Private","Manufacturing","County, by Supersector -- by ownership sector","All establishment sizes",735,26360,737841104,0,0,538,27991,"",1.02,0.80,0.76,0.00,0.00,0.95,0.95,"N",0,0,0,0,0,0,0,0,0,0,0,0,0,0
"34007","5","102","72","0","1990","A","","Camden County, New Jersey","Private","Service-providing","County, by Domain -- by ownership sector","All establishment sizes",8924,134843,3109298774,0,0,443,23059,"",1.03,1.10,1.12,0.00,0.00,1.01,1.01,"N",0,0,0,0,0,0,0,0,0,0,0,0,0,0
"34007","5","1021","73","0","1990","A","","Camden County, New Jersey","Private","Trade, transportation, and utilities","County, by Supersector -- by ownership sector","All establishment sizes",3196,47999,1049280075,0,0,420,21860,"",1.08,1.15,1.13,0.00,0.00,0.98,0.98,"N",0,0,0,0,0,0,0,0,0,0,0,0,0,0
"34007","5","1022","73","0","1990","A","","Camden County, New Jersey","Private","Information","County, by Supersector -- by ownership sector","All establishment sizes",124,4292,140996056,0,0,632,32849,"",0.79,0.84,0.83,0.00,0.00,0.99,0.99,"N",0,0,0,0,0,0,0,0,0,0,0,0,0,0
"34007","5","1023","73","0","1990","A","","Camden County, New Jersey","Private","Financial activities","County, by Supersector -- by ownership sector","All establishment sizes",910,13463,363563318,0,0,519,27005,"",0.94,1.07,0.97,0.00,0.00,0.91,0.91,"N",0,0,0,0,0,0,0,0,0,0,0,0,0,0
"34007","5","1024","73","0","1990","A","","Camden County, New Jersey","Private","Professional and business services","County, by Supersector -- by ownership sector","All establishment sizes",1826,25664,697691773,0,0,523,27186,"",1.25,1.33,1.27,0.00,0.00,0.96,0.95,"N",0,0,0,0,0,0,0,0,0,0,0,0,0,0
"34007","5","1025","73","0","1990","A","","Camden County, New Jersey","Private","Education and health services","County, by Supersector -- by ownership sector","All establishment sizes",1091,22917,588842929,0,0,494,25694,"",1.13,1.16,1.25,0.00,0.00,1.08,1.08,"N",0,0,0,0,0,0,0,0,0,0,0,0,0,0
"34007","5","1026","73","0","1990","A","","Camden County, New Jersey","Private","Leisure and hospitality","County, by Supersector -- by ownership sector","All establishment sizes",777,14083,149915037,0,0,205,10645,"",0.86,0.81,0.81,0.00,0.00,1.00,1.00,"N",0,0,0,0,0,0,0,0,0,0,0,0,0,0
"34007","5","1027","73","0","1990","A","","Camden County, New Jersey","Private","Other services","County, by Supersector -- by ownership sector","All establishment sizes",962,6118,110924488,0,0,349,18130,"",0.77,0.96,1.05,0.00,0.00,1.10,1.10,"N",0,0,0,0,0,0,0,0,0,0,0,0,0,0
"34007","5","111","75","0","1990","A","","Camden County, New Jersey","Private","Crop production","County, NAICS 3-digit -- by ownership sector","All establishment sizes",19,180,2961923,0,0,316,16417,"",0.22,0.18,0.22,0.00,0.00,1.23,1.23,"N",0,0,0,0,0,0,0,0,0,0,0,0,0,0
"34007","5","2213","76","0","1990","A","","Camden County, New Jersey","Private","Water, sewage and other systems","County, NAICS 4-digit -- by ownership sector","All establishment sizes",4,12,218132,0,0,362,18832,"",0.49,0.19,0.13,0.00,0.00,0.73,0.73,"N",0,0,0,0,0,0,0,0,0,0,0,0,0,0
"34007","5","22131","77","0","1990","A","","Camden County, New Jersey","Private","Water supply and irrigation systems","County, NAICS 5-digit -- by ownership sector","All establishment sizes",3,8,125214,0,0,298,15490,"",0.42,0.15,0.10,0.00,0.00,0.62,0.62,"N",0,0,0,0,0,0,0,0,0,0,0,0,0,0
"34007","5","221310","78","0","1990","A","","Camden County, New Jersey","Private","Water supply and irrigation systems","County, NAICS 6-digit -- by ownership sector","All establishment sizes",3,8,125214,0,0,298,15490,"",0.42,0.15,0.10,0.00,0.00,0.62,0.62,"N",0,0,0,0,0,0,0,0,0,0,0,0,0,0
"34007","5","23","74","0","1990","A","","Camden County, New Jersey","Private","Construction","County, NAICS Sector -- by ownership sector","All establishment sizes",1393,10136,313237456,0,0,594,30904,"",1.14,1.06,1.19,0.00,0.00,1.12,1.12,"N",0,0,0,0,0,0,0,0,0,0,0,0,0,0
"34007","5","236","75","0","1990","A","","Camden County, New Jersey","Private","Construction of buildings","County, NAICS 3-digit -- by ownership sector","All establishment sizes",388,2233,70086879,0,0,604,31389,"",1.03,0.91,1.01,0.00,0.00,1.11,1.11,"N",0,0,0,0,0,0,0,0,0,0,0,0,0,0
"34007","5","2361","76","0","1990","A","","Camden County, New Jersey","Private","Residential building construction","County, NAICS 4-digit -- by ownership sector","All establishment sizes",310,1364,38998535,0,0,550,28584,"",1.10,1.23,1.45,0.00,0.00,1.18,1.18,"N",0,0,0,0,0,0,0,0,0,0,0,0,0,0
"34007","5","23611","77","0","1990","A","","Camden County, New Jersey","Private","Residential building construction","County, NAICS 5-digit -- by ownership sector","All establishment sizes",310,1364,38998535,0,0,550,28584,"",1.10,1.23,1.45,0.00,0.00,1.18,1.18,"N",0,0,0,0,0,0,0,0,0,0,0,0,0,0
"34007","5","236115","78","0","1990","A","","Camden County, New Jersey","Private","New single-family general contractors","County, NAICS 6-digit -- by ownership sector","All establishment sizes",124,463,14038595,0,0,583,30299,"",0.79,0.73,0.92,0.00,0.00,1.25,1.25,"N",0,0,0,0,0,0,0,0,0,0,0,0,0,0
"34007","5","236118","78","0","1990","A","","Camden County, New Jersey","Private","Residential remodelers","County, NAICS 6-digit -- by ownership sector","All establishment sizes",175,773,18794539,0,0,467,24303,"",1.51,1.93,2.05,0.00,0.00,1.07,1.07,"N",0,0,0,0,0,0,0,0,0,0,0,0,0,0
"34007","5","2362","76","0","1990","A","","Camden County, New Jersey","Private","Nonresidential building construction","County, NAICS 4-digit -- by ownership sector","All establishment sizes",78,869,31088344,0,0,688,35795,"",0.82,0.65,0.73,0.00,0.00,1.12,1.12,"N",0,0,0,0,0,0,0,0,0,0,0,0,0,0
"34007","5","237","75","0","1990","A","","Camden County, New Jersey","Private","Heavy and civil engineering construction","County, NAICS 3-digit -- by ownership sector","All establishment sizes",82,1467,50918792,0,0,667,34702,"",0.76,0.96,1.06,0.00,0.00,1.11,1.11,"N",0,0,0,0,0,0,0,0,0,0,0,0,0,0
"34007","5","2371","76","0","1990","A","","Camden County, New Jersey","Private","Utility system construction","County, NAICS 4-digit -- by ownership sector","All establishment sizes",36,481,16388500,0,0,655,34060,"",0.88,0.79,0.92,0.00,0.00,1.16,1.16,"N",0,0,0,0,0,0,0,0,0,0,0,0,0,0
"34007","5","23711","77","0","1990","A","","Camden County, New Jersey","Private","Water and sewer system construction","County, NAICS 5-digit -- by ownership sector","All establishment sizes",30,465,15943784,0,0,659,34282,"",1.23,1.67,1.97,0.00,0.00,1.18,1.18,"N",0,0,0,0,0,0,0,0,0,0,0,0,0,0
"34007","5","237110","78","0","1990","A","","Camden County, New Jersey","Private","Water and sewer system construction","County, NAICS 6-digit -- by ownership sector","All establishment sizes",30,465,15943784,0,0,659,34282,"",1.23,1.67,1.97,0.00,0.00,1.18,1.18,"N",0,0,0,0,0,0,0,0,0,0,0,0,0,0
"34007","5","2373","76","0","1990","A","","Camden County, New Jersey","Private","Highway, street, and bridge construction","County, NAICS 4-digit -- by ownership sector","All establishment sizes",17,494,16218482,0,0,632,32853,"",0.70,0.91,0.94,0.00,0.00,1.03,1.03,"N",0,0,0,0,0,0,0,0,0,0,0,0,0,0
"34007","5","23731","77","0","1990","A","","Camden County, New Jersey","Private","Highway, street, and bridge construction","County, NAICS 5-digit -- by ownership sector","All establishment sizes",17,494,16218482,0,0,632,32853,"",0.70,0.91,0.94,0.00,0.00,1.03,1.03,"N",0,0,0,0,0,0,0,0,0,0,0,0,0,0
"34007","5","237310","78","0","1990","A","","Camden County, New Jersey","Private","Highway, street, and bridge construction","County, NAICS 6-digit -- by ownership sector","All establishment sizes",17,494,16218482,0,0,632,32853,"",0.70,0.91,0.94,0.00,0.00,1.03,1.03,"N",0,0,0,0,0,0,0,0,0,0,0,0,0,0
"34007","5","238","75","0","1990","A","","Camden County, New Jersey","Private","Specialty trade contractors","County, NAICS 3-digit -- by ownership sector","All establishment sizes",923,6436,192231785,0,0,574,29870,"",1.25,1.15,1.31,0.00,0.00,1.14,1.14,"N",0,0,0,0,0,0,0,0,0,0,0,0,0,0
"34007","5","2381","76","0","1990","A","","Camden County, New Jersey","Private","Building foundation and exterior contractors","County, NAICS 4-digit -- by ownership sector","All establishment sizes",220,1544,44346183,0,0,552,28714,"",1.34,1.28,1.59,0.00,0.00,1.24,1.24,"N",0,0,0,0,0,0,0,0,0,0,0,0,0,0
"34007","5","23811","77","0","1990","A","","Camden County, New Jersey","Private","Poured concrete structure contractors","County, NAICS 5-digit -- by ownership sector","All establishment sizes",26,221,6195930,0,0,539,28015,"",1.06,1.05,1.31,0.00,0.00,1.24,1.24,"N",0,0,0,0,0,0,0,0,0,0,0,0,0,0
"34007","5","23812","77","0","1990","A","","Camden County, New Jersey","Private","Steel and precast concrete contractors","County, NAICS 5-digit -- by ownership sector","All establishment sizes",11,159,6796573,0,0,820,42634,"",1.09,1.31,1.82,0.00,0.00,1.39,1.39,"N",0,0,0,0,0,0,0,0,0,0,0,0,0,0
"34007","5","23813","77","0","1990","A","","Camden County, New Jersey","Private","Framing contractors","County, NAICS 5-digit -- by ownership sector","All establishment sizes",19,121,2138253,0,0,341,17745,"",0.96,1.06,0.87,0.00,0.00,0.82,0.82,"N",0,0,0,0,0,0,0,0,0,0,0,0,0,0
"34007","5","23814","77","0","1990","A","","Camden County, New Jersey","Private","Masonry contractors","County, NAICS 5-digit -- by ownership sector","All establishment sizes",64,359,8097722,0,0,433,22530,"",1.24,1.15,1.17,0.00,0.00,1.02,1.02,"N",0,0,0,0,0,0,0,0,0,0,0,0,0,0
"34007","5","238141","78","0","1990","A","","Camden County, New Jersey","Private","Residential masonry contractors","County, NAICS 6-digit -- by ownership sector","All establishment sizes",48,240,4772480,0,0,383,19899,"",1.27,1.35,1.34,0.00,0.00,0.99,0.99,"N",0,0,0,0,0,0,0,0,0,0,0,0,0,0
"34007","5","238142","78","0","1990","A","","Camden County, New Jersey","Private","Nonresidential masonry contractors","County, NAICS 6-digit -- by ownership sector","All establishment sizes",16,120,3325242,0,0,535,27807,"",1.18,0.89,1.00,0.00,0.00,1.12,1.12,"N",0,0,0,0,0,0,0,0,0,0,0,0,0,0
"34007","5","23815","77","0","1990","A","","Camden County, New Jersey","Private","Glass and glazing contractors","County, NAICS 5-digit -- by ownership sector","All establishment sizes",16,146,6132020,0,0,807,41976,"",1.61,1.82,2.82,0.00,0.00,1.55,1.55,"N",0,0,0,0,0,0,0,0,0,0,0,0,0,0
"34007","5","23816","77","0","1990","A","","Camden County, New Jersey","Private","Roofing contractors","County, NAICS 5-digit -- by ownership sector","All establishment sizes",31,114,2290888,0,0,386,20081,"",0.95,0.41,0.38,0.00,0.00,0.94,0.94,"N",0,0,0,0,0,0,0,0,0,0,0,0,0,0
"34007","5","238161","78","0","1990","A","","Camden County, New Jersey","Private","Residential roofing contractors","County, NAICS 6-digit -- by ownership sector","All establishment sizes",18,65,1177642,0,0,350,18211,"",0.82,0.46,0.43,0.00,0.00,0.95,0.95,"N",0,0,0,0,0,0,0,0,0,0,0,0,0,0
"34007","5","238162","78","0","1990","A","","Camden County, New Jersey","Private","Nonresidential roofing contractors","County, NAICS 6-digit -- by ownership sector","All establishment sizes",14,49,1113246,0,0,433,22528,"",1.32,0.36,0.34,0.00,0.00,0.96,0.96,"N",0,0,0,0,0,0,0,0,0,0,0,0,0,0
"34007","5","23817","77","0","1990","A","","Camden County, New Jersey","Private","Siding contractors","County, NAICS 5-digit -- by ownership sector","All establishment sizes",40,283,8807309,0,0,599,31149,"",3.79,5.94,9.32,0.00,0.00,1.57,1.57,"N",0,0,0,0,0,0,0,0,0,0,0,0,0,0
"34007","5","23819","77","0","1990","A","","Camden County, New Jersey","Private","Other building exterior contractors","County, NAICS 5-digit -- by ownership sector","All establishment sizes",14,141,3887488,0,0,530,27571,"",2.55,3.24,3.68,0.00,0.00,1.14,1.14,"N",0,0,0,0,0,0,0,0,0,0,0,0,0,0
"34007","5","2382","76","0","1990","A","","Camden County, New Jersey","Private","Building equipment contractors","County, NAICS 4-digit -- by ownership sector","All establishment sizes",338,2652,81473466,0,0,591,30721,"",1.24,1.12,1.16,0.00,0.00,1.04,1.04,"N",0,0,0,0,0,0,0,0,0,0,0,0,0,0
"34007","5","23821","77","0","1990","A","","Camden County, New Jersey","Private","Electrical and wiring contractors","County, NAICS 5-digit -- by ownership sector","All establishment sizes",144,1215,37805126,0,0,598,31105,"",1.13,1.08,1.13,0.00,0.00,1.05,1.05,"N",0,0,0,0,0,0,0,0,0,0,0,0,0,0
"34007","5","238211","78","0","1990","A","","Camden County, New Jersey","Private","Residential electrical contractors","County, NAICS 6-digit -- by ownership sector","All establishment sizes",69,390,11108885,0,0,548,28509,"",1.04,0.98,1.08,0.00,0.00,1.10,1.10,"N",0,0,0,0,0,0,0,0,0,0,0,0,0,0
"34007","5","238212","78","0","1990","A","","Camden County, New Jersey","Private","Nonresidential electrical contractors","County, NAICS 6-digit -- by ownership sector","All establishment sizes",75,826,26696241,0,0,622,32330,"",1.23,1.13,1.15,0.00,0.00,1.02,1.02,"N",0,0,0,0,0,0,0,0,0,0,0,0,0,0
"34007","5","23822","77","0","1990","A","","Camden County, New Jersey","Private","Plumbing and hvac contractors","County, NAICS 5-digit -- by ownership sector","All establishment sizes",183,1381,40822959,0,0,568,29557,"",1.40,1.25,1.29,0.00,0.00,1.03,1.03,"N",0,0,0,0,0,0,0,0,0,0,0,0,0,0
"34007","5","238221","78","0","1990","A","","Camden County, New Jersey","Private","Residential plumbing and hvac contractors","County, NAICS 6-digit -- by ownership sector","All establishment sizes",126,769,19760754,0,0,494,25699,"",1.39,1.39,1.43,0.00,0.00,1.03,1.03,"N",0,0,0,0,0,0,0,0,0,0,0,0,0,0
"34007","5","238222","78","0","1990","A","","Camden County, New Jersey","Private","Nonresidential plumbing and hvac contractors","County, NAICS 6-digit -- by ownership sector","All establishment sizes",57,612,21062205,0,0,662,34401,"",1.42,1.12,1.19,0.00,0.00,1.06,1.06,"N",0,0,0,0,0,0,0,0,0,0,0,0,0,0
"34007","5","23829","77","0","1990","A","","Camden County, New Jersey","Private","Other building equipment contractors","County, NAICS 5-digit -- by ownership sector","All establishment sizes",11,56,2845381,0,0,986,51268,"",0.86,0.37,0.55,0.00,0.00,1.49,1.49,"N",0,0,0,0,0,0,0,0,0,0,0,0,0,0
"34007","5","2383","76","0","1990","A","","Camden County, New Jersey","Private","Building finishing contractors","County, NAICS 4-digit -- by ownership sector","All establishment sizes",259,1379,40615011,0,0,566,29449,"",1.38,1.14,1.43,0.00,0.00,1.26,1.26,"N",0,0,0,0,0,0,0,0,0,0,0,0,0,0
"34007","5","23831","77","0","1990","A","","Camden County, New Jersey","Private","Drywall and insulation contractors","County, NAICS 5-digit -- by ownership sector","All establishment sizes",52,651,22900474,0,0,677,35186,"",1.30,1.38,1.96,0.00,0.00,1.42,1.42,"N",0,0,0,0,0,0,0,0,0,0,0,0,0,0
"34007","5","238311","78","0","1990","A","","Camden County, New Jersey","Private","Residential drywall contractors","County, NAICS 6-digit -- by ownership sector","All establishment sizes",23,283,9087164,0,0,618,32157,"",0.91,1.20,1.73,0.00,0.00,1.44,1.44,"N",0,0,0,0,0,0,0,0,0,0,0,0,0,0
"34007","5","238312","78","0","1990","A","","Camden County, New Jersey","Private","Nonresidential drywall contractors","County, NAICS 6-digit -- by ownership sector","All establishment sizes",28,368,13813310,0,0,721,37511,"",1.90,1.56,2.14,0.00,0.00,1.38,1.38,"N",0,0,0,0,0,0,0,0,0,0,0,0,0,0
"34007","5","23832","77","0","1990","A","","Camden County, New Jersey","Private","Painting and wall covering contractors","County, NAICS 5-digit -- by ownership sector","All establishment sizes",73,234,4702326,0,0,386,20074,"",1.14,0.72,0.68,0.00,0.00,0.94,0.94,"N",0,0,0,0,0,0,0,0,0,0,0,0,0,0
"34007","5","238321","78","0","1990","A","","Camden County, New Jersey","Private","Residential painting contractors","County, NAICS 6-digit -- by ownership sector","All establishment sizes",61,184,3567313,0,0,372,19344,"",1.26,0.97,1.01,0.00,0.00,1.03,1.03,"N",0,0,0,0,0,0,0,0,0,0,0,0,0,0
"34007","5","238322","78","0","1990","A","","Camden County, New Jersey","Private","Nonresidential painting contractors","County, NAICS 6-digit -- by ownership sector","All establishment sizes",12,50,1135013,0,0,438,22776,"",0.76,0.37,0.34,0.00,0.00,0.91,0.91,"N",0,0,0,0,0,0,0,0,0,0,0,0,0,0
"34007","5","23833","77","0","1990","A","","Camden County, New Jersey","Private","Flooring contractors","County, NAICS 5-digit -- by ownership sector","All establishment sizes",46,184,5490454,0,0,573,29799,"",2.39,1.97,2.44,0.00,0.00,1.24,1.24,"N",0,0,0,0,0,0,0,0,0,0,0,0,0,0
"34007","5","238331","78","0","1990","A","","Camden County, New Jersey","Private","Residential flooring contractors","County, NAICS 6-digit -- by ownership sector","All establishment sizes",28,87,2122780,0,0,472,24541,"",1.96,1.49,1.62,0.00,0.00,1.09,1.09,"N",0,0,0,0,0,0,0,0,0,0,0,0,0,0
"34007","5","238332","78","0","1990","A","","Camden County, New Jersey","Private","Nonresidential flooring contractors","County, NAICS 6-digit -- by ownership sector","All establishment sizes",18,98,3367674,0,0,663,34452,"",3.60,2.80,3.60,0.00,0.00,1.29,1.29,"N",0,0,0,0,0,0,0,0,0,0,0,0,0,0
"34007","5","23834","77","0","1990","A","","Camden County, New Jersey","Private","Tile and terrazzo contractors","County, NAICS 5-digit -- by ownership sector","All establishment sizes",9,42,883262,0,0,403,20947,"",0.73,0.60,0.49,0.00,0.00,0.82,0.82,"N",0,0,0,0,0,0,0,0,0,0,0,0,0,0
"34007","5","238341","78","0","1990","A","","Camden County, New Jersey","Private","Residential tile and terrazzo contractors","County, NAICS 6-digit -- by ownership sector","All establishment sizes",5,25,617532,0,0,481,25035,"",0.52,0.53,0.55,0.00,0.00,1.05,1.05,"N",0,0,0,0,0,0,0,0,0,0,0,0,0,0
"34007","5","238342","78","0","1990","A","","Camden County, New Jersey","Private","Nonresidential tile and terrazzo contractors","County, NAICS 6-digit -- by ownership sector","All establishment sizes",5,18,265730,0,0,292,15185,"",1.87,0.78,0.39,0.00,0.00,0.52,0.52,"N",0,0,0,0,0,0,0,0,0,0,0,0,0,0
"34007","5","23835","77","0","1990","A","","Camden County, New Jersey","Private","Finish carpentry contractors","County, NAICS 5-digit -- by ownership sector","All establishment sizes",66,202,4940638,0,0,471,24469,"",1.61,1.17,1.32,0.00,0.00,1.13,1.13,"N",0,0,0,0,0,0,0,0,0,0,0,0,0,0
"34007","5","238351","78","0","1990","A","","Camden County, New Jersey","Private","Residential finish carpentry contractors","County, NAICS 6-digit -- by ownership sector","All establishment sizes",53,159,3524514,0,0,427,22213,"",1.69,1.30,1.39,0.00,0.00,1.07,1.07,"N",0,0,0,0,0,0,0,0,0,0,0,0,0,0
"34007","5","238352","78","0","1990","A","","Camden County, New Jersey","Private","Nonresidential finish carpentry contractors","County, NAICS 6-digit -- by ownership sector","All establishment sizes",13,43,1416124,0,0,630,32743,"",1.35,0.85,1.17,0.00,0.00,1.38,1.38,"N",0,0,0,0,0,0,0,0,0,0,0,0,0,0
"34007","5","23839","77","0","1990","A","","Camden County, New Jersey","Private","Other building finishing contractors","County, NAICS 5-digit -- by ownership sector","All establishment sizes",14,66,1697857,0,0,497,25823,"",1.21,0.80,0.88,0.00,0.00,1.11,1.11,"N",0,0,0,0,0,0,0,0,0,0,0,0,0,0
"34007","5","238391","78","0","1990","A","","Camden County, New Jersey","Private","Other residential finishing contractors","County, NAICS 6-digit -- by ownership sector","All establishment sizes",11,46,874513,0,0,366,19011,"",1.65,1.26,1.16,0.00,0.00,0.92,0.92,"N",0,0,0,0,0,0,0,0,0,0,0,0,0,0
"34007","5","238392","78","0","1990","A","","Camden County, New Jersey","Private","Other nonresidential finishing contractors","County, NAICS 6-digit -- by ownership sector","All establishment sizes",3,20,823344,0,0,802,41688,"",0.62,0.44,0.71,0.00,0.00,1.64,1.65,"N",0,0,0,0,0,0,0,0,0,0,0,0,0,0
"34007","5","2389","76","0","1990","A","","Camden County, New Jersey","Private","Other specialty trade contractors","County, NAICS 4-digit -- by ownership sector","All establishment sizes",107,860,25797125,0,0,577,30000,"",0.94,1.08,1.27,0.00,0.00,1.17,1.17,"N",0,0,0,0,0,0,0,0,0,0,0,0,0,0
"34007","5","23891","77","0","1990","A","","Camden County, New Jersey","Private","Site preparation contractors","County, NAICS 5-digit -- by ownership sector","All establishment sizes",34,308,9912161,0,0,619,32191,"",0.57,0.77,0.92,0.00,0.00,1.19,1.19,"N",0,0,0,0,0,0,0,0,0,0,0,0,0,0
"34007","5","238911","78","0","1990","A","","Camden County, New Jersey","Private","Residential site preparation contractors","County, NAICS 6-digit -- by ownership sector","All establishment sizes",20,158,4487058,0,0,545,28324,"",0.60,0.98,1.12,0.00,0.00,1.13,1.13,"N",0,0,0,0,0,0,0,0,0,0,0,0,0,0
"34007","5","238912","78","0","1990","A","","Camden County, New Jersey","Private","Nonresidential site preparation contractors","County, NAICS 6-digit -- by ownership sector","All establishment sizes",14,150,5425103,0,0,698,36288,"",0.53,0.63,0.80,0.00,0.00,1.28,1.28,"N",0,0,0,0,0,0,0,0,0,0,0,0,0,0
"34007","5","23899","77","0","1990","A","","Camden County, New Jersey","Private","All other specialty trade contractors","County, NAICS 5-digit -- by ownership sector","All establishment sizes",73,552,15884964,0,0,553,28777,"",1.35,1.39,1.66,0.00,0.00,1.19,1.19,"N",0,0,0,0,0,0,0,0,0,0,0,0,0,0
"34007","5","238991","78","0","1990","A","","Camden County, New Jersey","Private","All other residential trade contractors","County, NAICS 6-digit -- by ownership sector","All establishment sizes",48,382,11080916,0,0,558,29001,"",1.44,1.93,2.53,0.00,0.00,1.31,1.31,"N",0,0,0,0,0,0,0,0,0,0,0,0,0,0
"34007","5","238992","78","0","1990","A","","Camden County, New Jersey","Private","All other nonresidential trade contractors","County, NAICS 6-digit -- by ownership sector","All establishment sizes",25,170,4804048,0,0,544,28273,"",1.21,0.85,0.93,0.00,0.00,1.09,1.09,"N",0,0,0,0,0,0,0,0,0,0,0,0,0,0
"34007","5","31-33","74","0","1990","A","","Camden County, New Jersey","Private","Manufacturing","County, NAICS Sector -- by ownership sector","All establishment sizes",735,26360,737841104,0,0,538,27991,"",1.02,0.80,0.76,0.00,0.00,0.95,0.95,"N",0,0,0,0,0,0,0,0,0,0,0,0,0,0
"34007","5","311","75","0","1990","A","","Camden County, New Jersey","Private","Food manufacturing","County, NAICS 3-digit -- by ownership sector","All establishment sizes",59,3245,73839927,0,0,438,22755,"",1.05,1.15,1.13,0.00,0.00,0.98,0.98,"N",0,0,0,0,0,0,0,0,0,0,0,0,0,0
"34007","5","3113","76","0","1990","A","","Camden County, New Jersey","Private","Sugar and confectionery product manufacturing","County, NAICS 4-digit -- by ownership sector","All establishment sizes",11,488,14510543,0,0,572,29725,"",2.30,2.50,2.91,0.00,0.00,1.17,1.17,"N",0,0,0,0,0,0,0,0,0,0,0,0,0,0
"34007","5","3114","76","0","1990","A","","Camden County, New Jersey","Private","Fruit and vegetable preserving and specialty","County, NAICS 4-digit -- by ownership sector","All establishment sizes",4,317,7167042,0,0,434,22591,"",1.04,0.74,0.74,0.00,0.00,0.99,1.00,"N",0,0,0,0,0,0,0,0,0,0,0,0,0,0
"34007","5","3116","76","0","1990","A","","Camden County, New Jersey","Private","Animal slaughtering and processing","County, NAICS 4-digit -- by ownership sector","All establishment sizes",7,979,17644870,0,0,347,18023,"",0.75,1.26,1.16,0.00,0.00,0.92,0.92,"N",0,0,0,0,0,0,0,0,0,0,0,0,0,0
"34007","5","31161","77","0","1990","A","","Camden County, New Jersey","Private","Animal slaughtering and processing","County, NAICS 5-digit -- by ownership sector","All establishment sizes",7,979,17644870,0,0,347,18023,"",0.75,1.26,1.16,0.00,0.00,0.92,0.92,"N",0,0,0,0,0,0,0,0,0,0,0,0,0,0
"34007","5","3118","76","0","1990","A","","Camden County, New Jersey","Private","Bakeries and tortilla manufacturing","County, NAICS 4-digit -- by ownership sector","All establishment sizes",26,925,19609981,0,0,408,21206,"",1.24,1.62,1.57,0.00,0.00,0.97,0.97,"N",0,0,0,0,0,0,0,0,0,0,0,0,0,0
"34007","5","311812","78","0","1990","A","","Camden County, New Jersey","Private","Commercial bakeries","County, NAICS 6-digit -- by ownership sector","All establishment sizes",4,488,9761290,0,0,385,20020,"",0.87,1.72,1.37,0.00,0.00,0.80,0.80,"N",0,0,0,0,0,0,0,0,0,0,0,0,0,0
"34007","5","3119","76","0","1990","A","","Camden County, New Jersey","Private","Other food manufacturing","County, NAICS 4-digit -- by ownership sector","All establishment sizes",5,258,7019838,0,0,524,27235,"",1.00,1.07,1.12,0.00,0.00,1.05,1.05,"N",0,0,0,0,0,0,0,0,0,0,0,0,0,0
"34007","5","314","75","0","1990","A","","Camden County, New Jersey","Private","Textile product mills","County, NAICS 3-digit -- by ownership sector","All establishment sizes",14,250,5059494,0,0,390,20258,"",0.87,0.60,0.66,0.00,0.00,1.11,1.11,"N",0,0,0,0,0,0,0,0,0,0,0,0,0,0
"34007","5","315","75","0","1990","A","","Camden County, New Jersey","Private","Apparel manufacturing","County, NAICS 3-digit -- by ownership sector","All establishment sizes",19,691,8748449,0,0,244,12665,"",0.49,0.39,0.33,0.00,0.00,0.84,0.84,"N",0,0,0,0,0,0,0,0,0,0,0,0,0,0
"34007","5","321","75","0","1990","A","","Camden County, New Jersey","Private","Wood product manufacturing","County, NAICS 3-digit -- by ownership sector","All establishment sizes",19,473,12209670,0,0,496,25791,"",0.55,0.47,0.56,0.00,0.00,1.20,1.20,"N",0,0,0,0,0,0,0,0,0,0,0,0,0,0
"34007","5","32191","77","0","1990","A","","Camden County, New Jersey","Private","Millwork","County, NAICS 5-digit -- by ownership sector","All establishment sizes",10,359,9807738,0,0,526,27332,"",1.13,1.35,1.63,0.00,0.00,1.21,1.21,"N",0,0,0,0,0,0,0,0,0,0,0,0,0,0
"34007","5","322","75","0","1990","A","","Camden County, New Jersey","Private","Paper manufacturing","County, NAICS 3-digit -- by ownership sector","All establishment sizes",18,1509,43088464,0,0,549,28564,"",1.48,1.24,1.06,0.00,0.00,0.85,0.85,"N",0,0,0,0,0,0,0,0,0,0,0,0,0,0
"34007","5","3222","76","0","1990","A","","Camden County, New Jersey","Private","Converted paper product manufacturing","County, NAICS 4-digit -- by ownership sector","All establishment sizes",16,1341,38039175,0,0,546,28373,"",1.49,1.69,1.64,0.00,0.00,0.97,0.97,"N",0,0,0,0,0,0,0,0,0,0,0,0,0,0
"34007","5","32221","77","0","1990","A","","Camden County, New Jersey","Private","Paperboard container manufacturing","County, NAICS 5-digit -- by ownership sector","All establishment sizes",9,819,24178194,0,0,568,29525,"",1.63,2.05,2.08,0.00,0.00,1.01,1.01,"N",0,0,0,0,0,0,0,0,0,0,0,0,0,0
"34007","5","323","75","0","1990","A","","Camden County, New Jersey","Private","Printing and related support activities","County, NAICS 3-digit -- by ownership sector","All establishment sizes",152,3085,96531963,0,0,602,31293,"",1.69,1.99,2.34,0.00,0.00,1.17,1.17,"N",0,0,0,0,0,0,0,0,0,0,0,0,0,0
"34007","5","3231","76","0","1990","A","","Camden County, New Jersey","Private","Printing and related support activities","County, NAICS 4-digit -- by ownership sector","All establishment sizes",152,3085,96531963,0,0,602,31293,"",1.69,1.99,2.34,0.00,0.00,1.17,1.17,"N",0,0,0,0,0,0,0,0,0,0,0,0,0,0
"34007","5","32311","77","0","1990","A","","Camden County, New Jersey","Private","Printing","County, NAICS 5-digit -- by ownership sector","All establishment sizes",120,2104,61475282,0,0,562,29221,"",1.53,1.54,1.70,0.00,0.00,1.11,1.11,"N",0,0,0,0,0,0,0,0,0,0,0,0,0,0
"34007","5","323110","78","0","1990","A","","Camden County, New Jersey","Private","Commercial lithographic printing","County, NAICS 6-digit -- by ownership sector","All establishment sizes",43,766,25586398,0,0,643,33414,"",1.44,1.34,1.55,0.00,0.00,1.16,1.16,"N",0,0,0,0,0,0,0,0,0,0,0,0,0,0
"34007","5","323113","78","0","1990","A","","Camden County, New Jersey","Private","Commercial screen printing","County, NAICS 6-digit -- by ownership sector","All establishment sizes",10,74,1340684,0,0,347,18036,"",1.32,0.61,0.52,0.00,0.00,0.85,0.85,"N",0,0,0,0,0,0,0,0,0,0,0,0,0,0
"34007","5","323114","78","0","1990","A","","Camden County, New Jersey","Private","Quick printing","County, NAICS 6-digit -- by ownership sector","All establishment sizes",37,474,14908035,0,0,605,31474,"",1.44,2.65,3.83,0.00,0.00,1.45,1.45,"N",0,0,0,0,0,0,0,0,0,0,0,0,0,0
"34007","5","323119","78","0","1990","A","","Camden County, New Jersey","Private","Other commercial printing","County, NAICS 6-digit -- by ownership sector","All establishment sizes",18,338,8624963,0,0,491,25518,"",2.82,3.26,3.33,0.00,0.00,1.02,1.02,"N",0,0,0,0,0,0,0,0,0,0,0,0,0,0
"34007","5","32312","77","0","1990","A","","Camden County, New Jersey","Private","Support activities for printing","County, NAICS 5-digit -- by ownership sector","All establishment sizes",31,981,35056681,0,0,687,35739,"",2.75,5.41,6.69,0.00,0.00,1.24,1.24,"N",0,0,0,0,0,0,0,0,0,0,0,0,0,0
"34007","5","323121","78","0","1990","A","","Camden County, New Jersey","Private","Tradebinding and related work","County, NAICS 6-digit -- by ownership sector","All establishment sizes",8,291,7996245,0,0,528,27455,"",3.70,5.19,7.21,0.00,0.00,1.39,1.39,"N",0,0,0,0,0,0,0,0,0,0,0,0,0,0
"34007","5","323122","78","0","1990","A","","Camden County, New Jersey","Private","Prepress services","County, NAICS 6-digit -- by ownership sector","All establishment sizes",23,690,27060436,0,0,755,39237,"",2.52,5.52,6.55,0.00,0.00,1.19,1.19,"N",0,0,0,0,0,0,0,0,0,0,0,0,0,0
"34007","5","324","75","0","1990","A","","Camden County, New Jersey","Private","Petroleum and coal products manufacturing","County, NAICS 3-digit -- by ownership sector","All establishment sizes",5,88,2951355,0,0,647,33666,"",1.19,0.31,0.24,0.00,0.00,0.78,0.78,"N",0,0,0,0,0,0,0,0,0,0,0,0,0,0
"34007","5","3241","76","0","1990","A","","Camden County, New Jersey","Private","Petroleum and coal products manufacturing","County, NAICS 4-digit -- by ownership sector","All establishment sizes",5,88,2951355,0,0,647,33666,"",1.19,0.31,0.24,0.00,0.00,0.78,0.78,"N",0,0,0,0,0,0,0,0,0,0,0,0,0,0
"34007","5","325","75","0","1990","A","","Camden County, New Jersey","Private","Chemical manufacturing","County, NAICS 3-digit -- by ownership sector","All establishment sizes",28,1531,46670392,0,0,586,30477,"",1.12,0.81,0.63,0.00,0.00,0.77,0.77,"N",0,0,0,0,0,0,0,0,0,0,0,0,0,0
"34007","5","3256","76","0","1990","A","","Camden County, New Jersey","Private","Soap, cleaning compound, and toiletry mfg.","County, NAICS 4-digit -- by ownership sector","All establishment sizes",8,128,4555732,0,0,683,35522,"",1.66,0.47,0.53,0.00,0.00,1.13,1.13,"N",0,0,0,0,0,0,0,0,0,0,0,0,0,0
"34007","5","32561","77","0","1990","A","","Camden County, New Jersey","Private","Soap and cleaning compound manufacturing","County, NAICS 5-digit -- by ownership sector","All establishment sizes",8,128,4555732,0,0,683,35522,"",2.31,0.70,0.77,0.00,0.00,1.09,1.09,"N",0,0,0,0,0,0,0,0,0,0,0,0,0,0
"34007","5","3259","76","0","1990","A","","Camden County, New Jersey","Private","Other chemical product and preparation mfg.","County, NAICS 4-digit -- by ownership sector","All establishment sizes",3,36,1483014,0,0,787,40911,"",0.61,0.14,0.15,0.00,0.00,1.07,1.07,"N",0,0,0,0,0,0,0,0,0,0,0,0,0,0
"34007","5","326","75","0","1990","A","","Camden County, New Jersey","Private","Plastics and rubber products manufacturing","County, NAICS 3-digit -- by ownership sector","All establishment sizes",19,572,13967838,0,0,470,24419,"",0.70,0.40,0.37,0.00,0.00,0.94,0.94,"N",0,0,0,0,0,0,0,0,0,0,0,0,0,0
"34007","5","32619","77","0","1990","A","","Camden County, New Jersey","Private","Other plastics product manufacturing","County, NAICS 5-digit -- by ownership sector","All establishment sizes",14,361,7916347,0,0,422,21924,"",0.98,0.61,0.59,0.00,0.00,0.97,0.97,"N",0,0,0,0,0,0,0,0,0,0,0,0,0,0
"34007","5","327","75","0","1990","A","","Camden County, New Jersey","Private","Nonmetallic mineral product manufacturing","County, NAICS 3-digit -- by ownership sector","All establishment sizes",26,951,27507752,0,0,557,28940,"",0.85,0.96,0.99,0.00,0.00,1.03,1.03,"N",0,0,0,0,0,0,0,0,0,0,0,0,0,0
"34007","5","3273","76","0","1990","A","","Camden County, New Jersey","Private","Cement and concrete product manufacturing","County, NAICS 4-digit -- by ownership sector","All establishment sizes",12,265,7566562,0,0,550,28607,"",0.72,0.70,0.71,0.00,0.00,1.02,1.02,"N",0,0,0,0,0,0,0,0,0,0,0,0,0,0
"34007","5","32739","77","0","1990","A","","Camden County, New Jersey","Private","Other concrete product manufacturing","County, NAICS 5-digit -- by ownership sector","All establishment sizes",6,179,5399293,0,0,580,30150,"",1.18,1.87,2.32,0.00,0.00,1.24,1.24,"N",0,0,0,0,0,0,0,0,0,0,0,0,0,0
"34007","5","327390","78","0","1990","A","","Camden County, New Jersey","Private","Other concrete product manufacturing","County, NAICS 6-digit -- by ownership sector","All establishment sizes",6,179,5399293,0,0,580,30150,"",1.18,1.87,2.32,0.00,0.00,1.24,1.24,"N",0,0,0,0,0,0,0,0,0,0,0,0,0,0
"34007","5","332","75","0","1990","A","","Camden County, New Jersey","Private","Fabricated metal product manufacturing","County, NAICS 3-digit -- by ownership sector","All establishment sizes",134,2233,70282169,0,0,605,31477,"",1.24,0.76,0.85,0.00,0.00,1.13,1.13,"N",0,0,0,0,0,0,0,0,0,0,0,0,0,0
"34007","5","3323","76","0","1990","A","","Camden County, New Jersey","Private","Architectural and structural metals mfg.","County, NAICS 4-digit -- by ownership sector","All establishment sizes",36,741,27507984,0,0,714,37106,"",1.42,1.13,1.60,0.00,0.00,1.42,1.42,"N",0,0,0,0,0,0,0,0,0,0,0,0,0,0
"34007","5","33231","77","0","1990","A","","Camden County, New Jersey","Private","Plate work and fabricated structural products","County, NAICS 5-digit -- by ownership sector","All establishment sizes",9,102,3039572,0,0,573,29775,"",0.89,0.35,0.38,0.00,0.00,1.08,1.08,"N",0,0,0,0,0,0,0,0,0,0,0,0,0,0
"34007","5","33232","77","0","1990","A","","Camden County, New Jersey","Private","Ornamental and architectural metal products","County, NAICS 5-digit -- by ownership sector","All establishment sizes",27,639,24468412,0,0,736,38277,"",1.77,1.74,2.64,0.00,0.00,1.52,1.52,"N",0,0,0,0,0,0,0,0,0,0,0,0,0,0
"34007","5","332322","78","0","1990","A","","Camden County, New Jersey","Private","Sheet metal work manufacturing","County, NAICS 6-digit -- by ownership sector","All establishment sizes",14,284,11531104,0,0,782,40662,"",1.92,1.92,2.88,0.00,0.00,1.50,1.50,"N",0,0,0,0,0,0,0,0,0,0,0,0,0,0
"34007","5","3327","76","0","1990","A","","Camden County, New Jersey","Private","Machine shops and threaded product mfg.","County, NAICS 4-digit -- by ownership sector","All establishment sizes",53,522,15108981,0,0,557,28949,"",1.31,0.92,0.96,0.00,0.00,1.04,1.04,"N",0,0,0,0,0,0,0,0,0,0,0,0,0,0
"34007","5","33271","77","0","1990","A","","Camden County, New Jersey","Private","Machine shops","County, NAICS 5-digit -- by ownership sector","All establishment sizes",47,433,13131931,0,0,584,30345,"",1.34,1.17,1.29,0.00,0.00,1.11,1.11,"N",0,0,0,0,0,0,0,0,0,0,0,0,0,0
"34007","5","332710","78","0","1990","A","","Camden County, New Jersey","Private","Machine shops","County, NAICS 6-digit -- by ownership sector","All establishment sizes",47,433,13131931,0,0,584,30345,"",1.34,1.17,1.29,0.00,0.00,1.11,1.11,"N",0,0,0,0,0,0,0,0,0,0,0,0,0,0
"34007","5","33272","77","0","1990","A","","Camden County, New Jersey","Private","Turned product and screw, nut, and bolt mfg.","County, NAICS 5-digit -- by ownership sector","All establishment sizes",6,89,1977050,0,0,426,22173,"",1.08,0.45,0.35,0.00,0.00,0.78,0.78,"N",0,0,0,0,0,0,0,0,0,0,0,0,0,0
"34007","5","3328","76","0","1990","A","","Camden County, New Jersey","Private","Coating, engraving, and heat treating metals","County, NAICS 4-digit -- by ownership sector","All establishment sizes",14,234,6693497,0,0,551,28635,"",1.07,0.87,1.01,0.00,0.00,1.16,1.16,"N",0,0,0,0,0,0,0,0,0,0,0,0,0,0
"34007","5","33281","77","0","1990","A","","Camden County, New Jersey","Private","Coating, engraving, and heat treating metals","County, NAICS 5-digit -- by ownership sector","All establishment sizes",14,234,6693497,0,0,551,28635,"",1.07,0.87,1.01,0.00,0.00,1.16,1.16,"N",0,0,0,0,0,0,0,0,0,0,0,0,0,0
"34007","5","332812","78","0","1990","A","","Camden County, New Jersey","Private","Metal coating and nonprecious engraving","County, NAICS 6-digit -- by ownership sector","All establishment sizes",6,119,2858357,0,0,462,24020,"",1.61,1.49,1.50,0.00,0.00,1.01,1.01,"N",0,0,0,0,0,0,0,0,0,0,0,0,0,0
"34007","5","3329","76","0","1990","A","","Camden County, New Jersey","Private","Other fabricated metal product manufacturing","County, NAICS 4-digit -- by ownership sector","All establishment sizes",16,372,9733036,0,0,503,26141,"",1.38,0.58,0.51,0.00,0.00,0.88,0.88,"N",0,0,0,0,0,0,0,0,0,0,0,0,0,0
"34007","5","333","75","0","1990","A","","Camden County, New Jersey","Private","Machinery manufacturing","County, NAICS 3-digit -- by ownership sector","All establishment sizes",61,1896,67296840,0,0,682,35488,"",0.98,0.73,0.80,0.00,0.00,1.10,1.10,"N",0,0,0,0,0,0,0,0,0,0,0,0,0,0
"34007","5","3332","76","0","1990","A","","Camden County, New Jersey","Private","Industrial machinery manufacturing","County, NAICS 4-digit -- by ownership sector","All establishment sizes",5,545,23412343,0,0,827,42985,"",0.63,1.80,2.34,0.00,0.00,1.30,1.30,"N",0,0,0,0,0,0,0,0,0,0,0,0,0,0
"34007","5","3335","76","0","1990","A","","Camden County, New Jersey","Private","Metalworking machinery manufacturing","County, NAICS 4-digit -- by ownership sector","All establishment sizes",32,581,19846884,0,0,656,34135,"",1.39,1.20,1.22,0.00,0.00,1.02,1.02,"N",0,0,0,0,0,0,0,0,0,0,0,0,0,0
"34007","5","33351","77","0","1990","A","","Camden County, New Jersey","Private","Metalworking machinery manufacturing","County, NAICS 5-digit -- by ownership sector","All establishment sizes",32,581,19846884,0,0,656,34135,"",1.39,1.20,1.22,0.00,0.00,1.02,1.02,"N",0,0,0,0,0,0,0,0,0,0,0,0,0,0
"34007","5","333511","78","0","1990","A","","Camden County, New Jersey","Private","Industrial mold manufacturing","County, NAICS 6-digit -- by ownership sector","All establishment sizes",8,107,3290171,0,0,592,30773,"",1.48,1.17,0.97,0.00,0.00,0.83,0.83,"N",0,0,0,0,0,0,0,0,0,0,0,0,0,0
"34007","5","333514","78","0","1990","A","","Camden County, New Jersey","Private","Special tool, die, jig, and fixture mfg.","County, NAICS 6-digit -- by ownership sector","All establishment sizes",19,244,7507893,0,0,592,30781,"",1.76,1.47,1.34,0.00,0.00,0.91,0.91,"N",0,0,0,0,0,0,0,0,0,0,0,0,0,0
"34007","5","3339","76","0","1990","A","","Camden County, New Jersey","Private","Other general purpose machinery manufacturing","County, NAICS 4-digit -- by ownership sector","All establishment sizes",14,295,8072969,0,0,526,27351,"",1.03,0.45,0.39,0.00,0.00,0.87,0.87,"N",0,0,0,0,0,0,0,0,0,0,0,0,0,0
"34007","5","33399","77","0","1990","A","","Camden County, New Jersey","Private","All other general purpose machinery mfg.","County, NAICS 5-digit -- by ownership sector","All establishment sizes",10,123,3404537,0,0,532,27660,"",1.29,0.37,0.31,0.00,0.00,0.86,0.86,"N",0,0,0,0,0,0,0,0,0,0,0,0,0,0
"34007","5","334","75","0","1990","A","","Camden County, New Jersey","Private","Computer and electronic product manufacturing","County, NAICS 3-digit -- by ownership sector","All establishment sizes",44,6123,171851310,0,0,540,28068,"",1.25,1.75,1.34,0.00,0.00,0.77,0.77,"N",0,0,0,0,0,0,0,0,0,0,0,0,0,0
"34007","5","3342","76","0","1990","A","","Camden County, New Jersey","Private","Communications equipment manufacturing","County, NAICS 4-digit -- by ownership sector","All establishment sizes",8,4781,132817955,0,0,534,27783,"",1.88,9.97,7.52,0.00,0.00,0.75,0.75,"N",0,0,0,0,0,0,0,0,0,0,0,0,0,0
"34007","5","3344","76","0","1990","A","","Camden County, New Jersey","Private","Semiconductor and electronic component mfg.","County, NAICS 4-digit -- by ownership sector","All establishment sizes",17,629,17258778,0,0,527,27420,"",1.46,0.61,0.52,0.00,0.00,0.86,0.86,"N",0,0,0,0,0,0,0,0,0,0,0,0,0,0
"34007","5","33441","77","0","1990","A","","Camden County, New Jersey","Private","Semiconductor and electronic component mfg.","County, NAICS 5-digit -- by ownership sector","All establishment sizes",17,629,17258778,0,0,527,27420,"",1.46,0.61,0.52,0.00,0.00,0.86,0.86,"N",0,0,0,0,0,0,0,0,0,0,0,0,0,0
"34007","5","3345","76","0","1990","A","","Camden County, New Jersey","Private","Electronic instrument manufacturing","County, NAICS 4-digit -- by ownership sector","All establishment sizes",10,441,11942519,0,0,521,27091,"",0.83,0.37,0.27,0.00,0.00,0.72,0.72,"N",0,0,0,0,0,0,0,0,0,0,0,0,0,0
"34007","5","33451","77","0","1990","A","","Camden County, New Jersey","Private","Electronic instrument manufacturing","County, NAICS 5-digit -- by ownership sector","All establishment sizes",10,441,11942519,0,0,521,27091,"",0.83,0.37,0.27,0.00,0.00,0.72,0.72,"N",0,0,0,0,0,0,0,0,0,0,0,0,0,0
"34007","5","335","75","0","1990","A","","Camden County, New Jersey","Private","Electrical equipment and appliance mfg.","County, NAICS 3-digit -- by ownership sector","All establishment sizes",15,442,11768484,0,0,513,26656,"",1.13,0.39,0.38,0.00,0.00,0.97,0.97,"N",0,0,0,0,0,0,0,0,0,0,0,0,0,0
"34007","5","3359","76","0","1990","A","","Camden County, New Jersey","Private","Other electrical equipment and component mfg.","County, NAICS 4-digit -- by ownership sector","All establishment sizes",7,67,1838904,0,0,525,27277,"",1.74,0.20,0.19,0.00,0.00,0.97,0.96,"N",0,0,0,0,0,0,0,0,0,0,0,0,0,0
"34007","5","336","75","0","1990","A","","Camden County, New Jersey","Private","Transportation equipment manufacturing","County, NAICS 3-digit -- by ownership sector","All establishment sizes",14,576,13633898,0,0,455,23663,"",0.53,0.14,0.09,0.00,0.00,0.65,0.65,"N",0,0,0,0,0,0,0,0,0,0,0,0,0,0
"34007","5","3363","76","0","1990","A","","Camden County, New Jersey","Private","Motor vehicle parts manufacturing","County, NAICS 4-digit -- by ownership sector","All establishment sizes",12,530,12752874,0,0,463,24070,"",1.03,0.39,0.28,0.00,0.00,0.72,0.72,"N",0,0,0,0,0,0,0,0,0,0,0,0,0,0
"34007","5","337","75","0","1990","A","","Camden County, New Jersey","Private","Furniture and related product manufacturing","County, NAICS 3-digit -- by ownership sector","All establishment sizes",32,438,9920242,0,0,435,22632,"",0.66,0.37,0.40,0.00,0.00,1.08,1.08,"N",0,0,0,0,0,0,0,0,0,0,0,0,0,0
"34007","5","33712","77","0","1990","A","","Camden County, New Jersey","Private","Other household and institutional furniture","County, NAICS 5-digit -- by ownership sector","All establishment sizes",14,146,3135810,0,0,413,21466,"",0.94,0.26,0.30,0.00,0.00,1.14,1.14,"N",0,0,0,0,0,0,0,0,0,0,0,0,0,0
"34007","5","3372","76","0","1990","A","","Camden County, New Jersey","Private","Office furniture and fixtures manufacturing","County, NAICS 4-digit -- by ownership sector","All establishment sizes",7,123,2840143,0,0,446,23169,"",0.86,0.37,0.34,0.00,0.00,0.93,0.93,"N",0,0,0,0,0,0,0,0,0,0,0,0,0,0
"34007","5","33721","77","0","1990","A","","Camden County, New Jersey","Private","Office furniture and fixtures manufacturing","County, NAICS 5-digit -- by ownership sector","All establishment sizes",7,123,2840143,0,0,446,23169,"",0.86,0.37,0.34,0.00,0.00,0.93,0.93,"N",0,0,0,0,0,0,0,0,0,0,0,0,0,0
"34007","5","339","75","0","1990","A","","Camden County, New Jersey","Private","Miscellaneous manufacturing","County, NAICS 3-digit -- by ownership sector","All establishment sizes",61,1143,23470682,0,0,395,20530,"",1.08,0.87,0.73,0.00,0.00,0.84,0.84,"N",0,0,0,0,0,0,0,0,0,0,0,0,0,0
"34007","5","3391","76","0","1990","A","","Camden County, New Jersey","Private","Medical equipment and supplies manufacturing","County, NAICS 4-digit -- by ownership sector","All establishment sizes",35,694,14138280,0,0,392,20382,"",1.46,1.22,0.92,0.00,0.00,0.76,0.76,"N",0,0,0,0,0,0,0,0,0,0,0,0,0,0
"34007","5","33911","77","0","1990","A","","Camden County, New Jersey","Private","Medical equipment and supplies manufacturing","County, NAICS 5-digit -- by ownership sector","All establishment sizes",35,694,14138280,0,0,392,20382,"",1.46,1.22,0.92,0.00,0.00,0.76,0.76,"N",0,0,0,0,0,0,0,0,0,0,0,0,0,0
"34007","5","339112","78","0","1990","A","","Camden County, New Jersey","Private","Surgical and medical instrument manufacturing","County, NAICS 6-digit -- by ownership sector","All establishment sizes",4,30,639262,0,0,411,21368,"",1.90,0.19,0.13,0.00,0.00,0.68,0.68,"N",0,0,0,0,0,0,0,0,0,0,0,0,0,0
"34007","5","339116","78","0","1990","A","","Camden County, New Jersey","Private","Dental laboratories","County, NAICS 6-digit -- by ownership sector","All establishment sizes",20,149,3404857,0,0,441,22928,"",1.41,2.00,2.17,0.00,0.00,1.09,1.09,"N",0,0,0,0,0,0,0,0,0,0,0,0,0,0
"34007","5","3399","76","0","1990","A","","Camden County, New Jersey","Private","Other miscellaneous manufacturing","County, NAICS 4-digit -- by ownership sector","All establishment sizes",26,450,9332402,0,0,399,20758,"",0.80,0.61,0.55,0.00,0.00,0.91,0.91,"N",0,0,0,0,0,0,0,0,0,0,0,0,0,0
"34007","5","33995","77","0","1990","A","","Camden County, New Jersey","Private","Sign manufacturing","County, NAICS 5-digit -- by ownership sector","All establishment sizes",8,100,2566851,0,0,494,25711,"",1.01,0.96,0.99,0.00,0.00,1.03,1.03,"N",0,0,0,0,0,0,0,0,0,0,0,0,0,0
"34007","5","339950","78","0","1990","A","","Camden County, New Jersey","Private","Sign manufacturing","County, NAICS 6-digit -- by ownership sector","All establishment sizes",8,100,2566851,0,0,494,25711,"",1.01,0.96,0.99,0.00,0.00,1.03,1.03,"N",0,0,0,0,0,0,0,0,0,0,0,0,0,0
"34007","5","33999","77","0","1990","A","","Camden County, New Jersey","Private","All other miscellaneous manufacturing","County, NAICS 5-digit -- by ownership sector","All establishment sizes",10,99,2151334,0,0,418,21731,"",1.21,0.39,0.37,0.00,0.00,0.96,0.96,"N",0,0,0,0,0,0,0,0,0,0,0,0,0,0
"34007","5","339999","78","0","1990","A","","Camden County, New Jersey","Private","All other miscellaneous manufacturing","County, NAICS 6-digit -- by ownership sector","All establishment sizes",4,28,485796,0,0,335,17402,"",0.91,0.30,0.26,0.00,0.00,0.87,0.87,"N",0,0,0,0,0,0,0,0,0,0,0,0,0,0
"34007","5","42","74","0","1990","A","","Camden County, New Jersey","Private","Wholesale trade","County, NAICS Sector -- by ownership sector","All establishment sizes",966,12176,417513234,0,0,659,34290,"",1.09,1.27,1.36,0.00,0.00,1.07,1.07,"N",0,0,0,0,0,0,0,0,0,0,0,0,0,0
"34007","5","423","75","0","1990","A","","Camden County, New Jersey","Private","Merchant wholesalers, durable goods","County, NAICS 3-digit -- by ownership sector","All establishment sizes",468,6500,230805680,0,0,683,35511,"",1.16,1.35,1.44,0.00,0.00,1.07,1.07,"N",0,0,0,0,0,0,0,0,0,0,0,0,0,0
"34007","5","4231","76","0","1990","A","","Camden County, New Jersey","Private","Motor vehicle and parts merchant wholesalers","County, NAICS 4-digit -- by ownership sector","All establishment sizes",57,1360,53489627,0,0,756,39338,"",1.40,2.58,3.68,0.00,0.00,1.43,1.43,"N",0,0,0,0,0,0,0,0,0,0,0,0,0,0
"34007","5","42311","77","0","1990","A","","Camden County, New Jersey","Private","Motor vehicle merchant wholesalers","County, NAICS 5-digit -- by ownership sector","All establishment sizes",9,679,36498768,0,0,1033,53727,"",0.99,3.88,6.65,0.00,0.00,1.71,1.71,"N",0,0,0,0,0,0,0,0,0,0,0,0,0,0
"34007","5","423110","78","0","1990","A","","Camden County, New Jersey","Private","Motor vehicle merchant wholesalers","County, NAICS 6-digit -- by ownership sector","All establishment sizes",9,679,36498768,0,0,1033,53727,"",0.99,3.88,6.65,0.00,0.00,1.71,1.71,"N",0,0,0,0,0,0,0,0,0,0,0,0,0,0
"34007","5","42312","77","0","1990","A","","Camden County, New Jersey","Private","New motor vehicle parts merchant wholesalers","County, NAICS 5-digit -- by ownership sector","All establishment sizes",38,534,11446368,0,0,412,21438,"",1.69,1.90,1.55,0.00,0.00,0.81,0.81,"N",0,0,0,0,0,0,0,0,0,0,0,0,0,0
"34007","5","423120","78","0","1990","A","","Camden County, New Jersey","Private","New motor vehicle parts merchant wholesalers","County, NAICS 6-digit -- by ownership sector","All establishment sizes",38,534,11446368,0,0,412,21438,"",1.69,1.90,1.55,0.00,0.00,0.81,0.81,"N",0,0,0,0,0,0,0,0,0,0,0,0,0,0
"34007","5","4232","76","0","1990","A","","Camden County, New Jersey","Private","Furniture and furnishing merchant wholesalers","County, NAICS 4-digit -- by ownership sector","All establishment sizes",24,372,13594925,0,0,703,36578,"",1.39,2.26,2.71,0.00,0.00,1.20,1.20,"N",0,0,0,0,0,0,0,0,0,0,0,0,0,0
"34007","5","4233","76","0","1990","A","","Camden County, New Jersey","Private","Lumber and const. supply merchant wholesalers","County, NAICS 4-digit -- by ownership sector","All establishment sizes",28,496,19848567,0,0,769,40004,"",1.12,1.63,2.19,0.00,0.00,1.34,1.34,"N",0,0,0,0,0,0,0,0,0,0,0,0,0,0
"34007","5","42331","77","0","1990","A","","Camden County, New Jersey","Private","Lumber and wood merchant wholesalers","County, NAICS 5-digit -- by ownership sector","All establishment sizes",13,226,8000984,0,0,681,35390,"",0.97,1.19,1.43,0.00,0.00,1.20,1.20,"N",0,0,0,0,0,0,0,0,0,0,0,0,0,0
"34007","5","423310","78","0","1990","A","","Camden County, New Jersey","Private","Lumber and wood merchant wholesalers","County, NAICS 6-digit -- by ownership sector","All establishment sizes",13,226,8000984,0,0,681,35390,"",0.97,1.19,1.43,0.00,0.00,1.20,1.20,"N",0,0,0,0,0,0,0,0,0,0,0,0,0,0
"34007","5","42332","77","0","1990","A","","Camden County, New Jersey","Private","Masonry material merchant wholesalers","County, NAICS 5-digit -- by ownership sector","All establishment sizes",6,103,5309961,0,0,996,51804,"",1.06,1.93,3.27,0.00,0.00,1.70,1.70,"N",0,0,0,0,0,0,0,0,0,0,0,0,0,0
"34007","5","423320","78","0","1990","A","","Camden County, New Jersey","Private","Masonry material merchant wholesalers","County, NAICS 6-digit -- by ownership sector","All establishment sizes",6,103,5309961,0,0,996,51804,"",1.06,1.93,3.27,0.00,0.00,1.70,1.70,"N",0,0,0,0,0,0,0,0,0,0,0,0,0,0
"34007","5","42342","77","0","1990","A","","Camden County, New Jersey","Private","Office equipment merchant wholesalers","County, NAICS 5-digit -- by ownership sector","All establishment sizes",12,250,6852104,0,0,526,27372,"",1.31,1.00,0.80,0.00,0.00,0.79,0.79,"N",0,0,0,0,0,0,0,0,0,0,0,0,0,0
"34007","5","423420","78","0","1990","A","","Camden County, New Jersey","Private","Office equipment merchant wholesalers","County, NAICS 6-digit -- by ownership sector","All establishment sizes",12,250,6852104,0,0,526,27372,"",1.31,1.00,0.80,0.00,0.00,0.79,0.79,"N",0,0,0,0,0,0,0,0,0,0,0,0,0,0
"34007","5","42343","77","0","1990","A","","Camden County, New Jersey","Private","Computer and software merchant wholesalers","County, NAICS 5-digit -- by ownership sector","All establishment sizes",32,465,19830736,0,0,819,42609,"",1.57,1.09,0.96,0.00,0.00,0.88,0.88,"N",0,0,0,0,0,0,0,0,0,0,0,0,0,0
"34007","5","423430","78","0","1990","A","","Camden County, New Jersey","Private","Computer and software merchant wholesalers","County, NAICS 6-digit -- by ownership sector","All establishment sizes",32,465,19830736,0,0,819,42609,"",1.57,1.09,0.96,0.00,0.00,0.88,0.88,"N",0,0,0,0,0,0,0,0,0,0,0,0,0,0
"34007","5","42344","77","0","1990","A","","Camden County, New Jersey","Private","Other commercial equip. merchant wholesalers","County, NAICS 5-digit -- by ownership sector","All establishment sizes",14,77,3380023,0,0,841,43754,"",1.54,0.92,1.38,0.00,0.00,1.50,1.50,"N",0,0,0,0,0,0,0,0,0,0,0,0,0,0
"34007","5","423440","78","0","1990","A","","Camden County, New Jersey","Private","Other commercial equip. merchant wholesalers","County, NAICS 6-digit -- by ownership sector","All establishment sizes",14,77,3380023,0,0,841,43754,"",1.54,0.92,1.38,0.00,0.00,1.50,1.50,"N",0,0,0,0,0,0,0,0,0,0,0,0,0,0
"34007","5","42345","77","0","1990","A","","Camden County, New Jersey","Private","Medical equipment merchant wholesalers","County, NAICS 5-digit -- by ownership sector","All establishment sizes",28,264,12973857,0,0,946,49206,"",1.33,1.37,1.80,0.00,0.00,1.32,1.32,"N",0,0,0,0,0,0,0,0,0,0,0,0,0,0
"34007","5","423450","78","0","1990","A","","Camden County, New Jersey","Private","Medical equipment merchant wholesalers","County, NAICS 6-digit -- by ownership sector","All establishment sizes",28,264,12973857,0,0,946,49206,"",1.33,1.37,1.80,0.00,0.00,1.32,1.32,"N",0,0,0,0,0,0,0,0,0,0,0,0,0,0
"34007","5","4236","76","0","1990","A","","Camden County, New Jersey","Private","Electric goods merchant wholesalers","County, NAICS 4-digit -- by ownership sector","All establishment sizes",69,829,26406593,0,0,612,31838,"",1.58,1.45,1.28,0.00,0.00,0.88,0.88,"N",0,0,0,0,0,0,0,0,0,0,0,0,0,0
"34007","5","42361","77","0","1990","A","","Camden County, New Jersey","Private","Elec. equip. and wiring merchant wholesalers","County, NAICS 5-digit -- by ownership sector","All establishment sizes",32,458,12808193,0,0,538,27971,"",1.78,1.90,1.58,0.00,0.00,0.83,0.83,"N",0,0,0,0,0,0,0,0,0,0,0,0,0,0
"34007","5","423610","78","0","1990","A","","Camden County, New Jersey","Private","Elec. equip. and wiring merchant wholesalers","County, NAICS 6-digit -- by ownership sector","All establishment sizes",32,458,12808193,0,0,538,27971,"",1.78,1.90,1.58,0.00,0.00,0.83,0.83,"N",0,0,0,0,0,0,0,0,0,0,0,0,0,0
"34007","5","4237","76","0","1990","A","","Camden County, New Jersey","Private","Hardware and plumbing merchant wholesalers","County, NAICS 4-digit -- by ownership sector","All establishment sizes",44,710,20989427,0,0,569,29580,"",1.38,1.90,1.83,0.00,0.00,0.96,0.96,"N",0,0,0,0,0,0,0,0,0,0,0,0,0,0
"34007","5","42371","77","0","1990","A","","Camden County, New Jersey","Private","Hardware merchant wholesalers","County, NAICS 5-digit -- by ownership sector","All establishment sizes",19,443,11719584,0,0,508,26430,"",1.77,3.28,2.97,0.00,0.00,0.90,0.90,"N",0,0,0,0,0,0,0,0,0,0,0,0,0,0
"34007","5","423710","78","0","1990","A","","Camden County, New Jersey","Private","Hardware merchant wholesalers","County, NAICS 6-digit -- by ownership sector","All establishment sizes",19,443,11719584,0,0,508,26430,"",1.77,3.28,2.97,0.00,0.00,0.90,0.90,"N",0,0,0,0,0,0,0,0,0,0,0,0,0,0
"34007","5","42372","77","0","1990","A","","Camden County, New Jersey","Private","Plumbing equip. merchant wholesalers","County, NAICS 5-digit -- by ownership sector","All establishment sizes",10,74,2762823,0,0,721,37504,"",0.84,0.53,0.66,0.00,0.00,1.25,1.25,"N",0,0,0,0,0,0,0,0,0,0,0,0,0,0
"34007","5","423720","78","0","1990","A","","Camden County, New Jersey","Private","Plumbing and heating equip. merch. whls.","County, NAICS 6-digit -- by ownership sector","All establishment sizes",10,74,2762823,0,0,721,37504,"",0.84,0.53,0.66,0.00,0.00,1.25,1.25,"N",0,0,0,0,0,0,0,0,0,0,0,0,0,0
"34007","5","42373","77","0","1990","A","","Camden County, New Jersey","Private","Hvac equip. merchant wholesalers","County, NAICS 5-digit -- by ownership sector","All establishment sizes",10,138,4319177,0,0,602,31298,"",1.45,1.79,1.65,0.00,0.00,0.92,0.92,"N",0,0,0,0,0,0,0,0,0,0,0,0,0,0
"34007","5","423730","78","0","1990","A","","Camden County, New Jersey","Private","Hvac equip. merchant wholesalers","County, NAICS 6-digit -- by ownership sector","All establishment sizes",10,138,4319177,0,0,602,31298,"",1.45,1.79,1.65,0.00,0.00,0.92,0.92,"N",0,0,0,0,0,0,0,0,0,0,0,0,0,0
"34007","5","42374","77","0","1990","A","","Camden County, New Jersey","Private","Refrigeration equip. merchant wholesalers","County, NAICS 5-digit -- by ownership sector","All establishment sizes",5,55,2187843,0,0,772,40144,"",2.25,2.55,3.13,0.00,0.00,1.24,1.24,"N",0,0,0,0,0,0,0,0,0,0,0,0,0,0
"34007","5","423740","78","0","1990","A","","Camden County, New Jersey","Private","Refrigeration equip. merchant wholesalers","County, NAICS 6-digit -- by ownership sector","All establishment sizes",5,55,2187843,0,0,772,40144,"",2.25,2.55,3.13,0.00,0.00,1.24,1.24,"N",0,0,0,0,0,0,0,0,0,0,0,0,0,0
"34007","5","4238","76","0","1990","A","","Camden County, New Jersey","Private","Machinery and supply merchant wholesalers","County, NAICS 4-digit -- by ownership sector","All establishment sizes",95,849,28024598,0,0,634,32993,"",0.85,0.74,0.77,0.00,0.00,1.04,1.04,"N",0,0,0,0,0,0,0,0,0,0,0,0,0,0
"34007","5","42381","77","0","1990","A","","Camden County, New Jersey","Private","Construction equipment merchant wholesalers","County, NAICS 5-digit -- by ownership sector","All establishment sizes",5,113,3819980,0,0,652,33905,"",0.58,0.84,0.86,0.00,0.00,1.02,1.02,"N",0,0,0,0,0,0,0,0,0,0,0,0,0,0
"34007","5","423810","78","0","1990","A","","Camden County, New Jersey","Private","Construction equipment merchant wholesalers","County, NAICS 6-digit -- by ownership sector","All establishment sizes",5,113,3819980,0,0,652,33905,"",0.58,0.84,0.86,0.00,0.00,1.02,1.02,"N",0,0,0,0,0,0,0,0,0,0,0,0,0,0
"34007","5","42383","77","0","1990","A","","Camden County, New Jersey","Private","Industrial machinery merchant wholesalers","County, NAICS 5-digit -- by ownership sector","All establishment sizes",56,375,13360998,0,0,686,35669,"",0.98,0.68,0.70,0.00,0.00,1.03,1.03,"N",0,0,0,0,0,0,0,0,0,0,0,0,0,0
"34007","5","423830","78","0","1990","A","","Camden County, New Jersey","Private","Industrial machinery merchant wholesalers","County, NAICS 6-digit -- by ownership sector","All establishment sizes",56,375,13360998,0,0,686,35669,"",0.98,0.68,0.70,0.00,0.00,1.03,1.03,"N",0,0,0,0,0,0,0,0,0,0,0,0,0,0
"34007","5","42384","77","0","1990","A","","Camden County, New Jersey","Private","Industrial supplies merchant wholesalers","County, NAICS 5-digit -- by ownership sector","All establishment sizes",11,131,3667580,0,0,539,28015,"",1.02,1.18,1.06,0.00,0.00,0.90,0.90,"N",0,0,0,0,0,0,0,0,0,0,0,0,0,0
"34007","5","423840","78","0","1990","A","","Camden County, New Jersey","Private","Industrial supplies merchant wholesalers","County, NAICS 6-digit -- by ownership sector","All establishment sizes",11,131,3667580,0,0,539,28015,"",1.02,1.18,1.06,0.00,0.00,0.90,0.90,"N",0,0,0,0,0,0,0,0,0,0,0,0,0,0
"34007","5","42385","77","0","1990","A","","Camden County, New Jersey","Private","Service estab. equip. merchant wholesalers","County, NAICS 5-digit -- by ownership sector","All establishment sizes",20,206,6701412,0,0,626,32557,"",1.70,1.85,2.41,0.00,0.00,1.31,1.31,"N",0,0,0,0,0,0,0,0,0,0,0,0,0,0
"34007","5","423850","78","0","1990","A","","Camden County, New Jersey","Private","Service estab. equip. merchant wholesalers","County, NAICS 6-digit -- by ownership sector","All establishment sizes",20,206,6701412,0,0,626,32557,"",1.70,1.85,2.41,0.00,0.00,1.31,1.31,"N",0,0,0,0,0,0,0,0,0,0,0,0,0,0
"34007","5","4239","76","0","1990","A","","Camden County, New Jersey","Private","Misc. durable goods merchant wholesalers","County, NAICS 4-digit -- by ownership sector","All establishment sizes",37,542,16499656,0,0,586,30447,"",0.81,1.26,1.39,0.00,0.00,1.10,1.10,"N",0,0,0,0,0,0,0,0,0,0,0,0,0,0
"34007","5","42393","77","0","1990","A","","Camden County, New Jersey","Private","Recyclable material merchant wholesalers","County, NAICS 5-digit -- by ownership sector","All establishment sizes",21,397,11968847,0,0,580,30161,"",1.47,2.25,2.70,0.00,0.00,1.21,1.20,"N",0,0,0,0,0,0,0,0,0,0,0,0,0,0
"34007","5","423930","78","0","1990","A","","Camden County, New Jersey","Private","Recyclable material merchant wholesalers","County, NAICS 6-digit -- by ownership sector","All establishment sizes",21,397,11968847,0,0,580,30161,"",1.47,2.25,2.70,0.00,0.00,1.21,1.20,"N",0,0,0,0,0,0,0,0,0,0,0,0,0,0
"34007","5","424","75","0","1990","A","","Camden County, New Jersey","Private","Merchant wholesalers, nondurable goods","County, NAICS 3-digit -- by ownership sector","All establishment sizes",185,3540,111008794,0,0,603,31360,"",0.82,1.12,1.20,0.00,0.00,1.07,1.07,"N",0,0,0,0,0,0,0,0,0,0,0,0,0,0
"34007","5","4241","76","0","1990","A","","Camden County, New Jersey","Private","Paper and paper product merchant wholesalers","County, NAICS 4-digit -- by ownership sector","All establishment sizes",32,764,20182457,0,0,508,26402,"",1.52,2.65,2.23,0.00,0.00,0.84,0.84,"N",0,0,0,0,0,0,0,0,0,0,0,0,0,0
"34007","5","42411","77","0","1990","A","","Camden County, New Jersey","Private","Printing and writing paper merch. whls.","County, NAICS 5-digit -- by ownership sector","All establishment sizes",6,91,3564055,0,0,755,39237,"",3.69,2.37,2.30,0.00,0.00,0.97,0.97,"N",0,0,0,0,0,0,0,0,0,0,0,0,0,0
"34007","5","424110","78","0","1990","A","","Camden County, New Jersey","Private","Printing and writing paper merch. whls.","County, NAICS 6-digit -- by ownership sector","All establishment sizes",6,91,3564055,0,0,755,39237,"",3.69,2.37,2.30,0.00,0.00,0.97,0.97,"N",0,0,0,0,0,0,0,0,0,0,0,0,0,0
"34007","5","42412","77","0","1990","A","","Camden County, New Jersey","Private","Office supplies merchant wholesalers","County, NAICS 5-digit -- by ownership sector","All establishment sizes",12,579,13641777,0,0,453,23554,"",1.27,4.58,4.16,0.00,0.00,0.91,0.91,"N",0,0,0,0,0,0,0,0,0,0,0,0,0,0
"34007","5","424120","78","0","1990","A","","Camden County, New Jersey","Private","Office supplies merchant wholesalers","County, NAICS 6-digit -- by ownership sector","All establishment sizes",12,579,13641777,0,0,453,23554,"",1.27,4.58,4.16,0.00,0.00,0.91,0.91,"N",0,0,0,0,0,0,0,0,0,0,0,0,0,0
"34007","5","42413","77","0","1990","A","","Camden County, New Jersey","Private","Industrial paper merchant wholesalers","County, NAICS 5-digit -- by ownership sector","All establishment sizes",15,94,2976625,0,0,606,31526,"",1.51,0.76,0.70,0.00,0.00,0.92,0.92,"N",0,0,0,0,0,0,0,0,0,0,0,0,0,0
"34007","5","424130","78","0","1990","A","","Camden County, New Jersey","Private","Industrial paper merchant wholesalers","County, NAICS 6-digit -- by ownership sector","All establishment sizes",15,94,2976625,0,0,606,31526,"",1.51,0.76,0.70,0.00,0.00,0.92,0.92,"N",0,0,0,0,0,0,0,0,0,0,0,0,0,0
"34007","5","4243","76","0","1990","A","","Camden County, New Jersey","Private","Apparel and piece goods merchant wholesalers","County, NAICS 4-digit -- by ownership sector","All establishment sizes",22,183,11591393,0,0,1218,63341,"",0.89,0.74,1.38,0.00,0.00,1.87,1.87,"N",0,0,0,0,0,0,0,0,0,0,0,0,0,0
"34007","5","42431","77","0","1990","A","","Camden County, New Jersey","Private","Piece goods merchant wholesalers","County, NAICS 5-digit -- by ownership sector","All establishment sizes",5,59,6769460,0,0,2222,115553,"",0.82,1.10,3.55,0.00,0.00,3.26,3.26,"N",0,0,0,0,0,0,0,0,0,0,0,0,0,0
"34007","5","424310","78","0","1990","A","","Camden County, New Jersey","Private","Piece goods merchant wholesalers","County, NAICS 6-digit -- by ownership sector","All establishment sizes",5,59,6769460,0,0,2222,115553,"",0.82,1.10,3.55,0.00,0.00,3.26,3.26,"N",0,0,0,0,0,0,0,0,0,0,0,0,0,0
"34007","5","42433","77","0","1990","A","","Camden County, New Jersey","Private","Women's and children's clothing merch. whls.","County, NAICS 5-digit -- by ownership sector","All establishment sizes",7,32,986313,0,0,593,30822,"",0.68,0.32,0.29,0.00,0.00,0.90,0.90,"N",0,0,0,0,0,0,0,0,0,0,0,0,0,0
"34007","5","424330","78","0","1990","A","","Camden County, New Jersey","Private","Women's and children's clothing merch. whls.","County, NAICS 6-digit -- by ownership sector","All establishment sizes",7,32,986313,0,0,593,30822,"",0.68,0.32,0.29,0.00,0.00,0.90,0.90,"N",0,0,0,0,0,0,0,0,0,0,0,0,0,0
"34007","5","4244","76","0","1990","A","","Camden County, New Jersey","Private","Grocery and related product wholesalers","County, NAICS 4-digit -- by ownership sector","All establishment sizes",56,860,28784968,0,0,644,33490,"",1.03,0.82,0.99,0.00,0.00,1.21,1.21,"N",0,0,0,0,0,0,0,0,0,0,0,0,0,0
"34007","5","42441","77","0","1990","A","","Camden County, New Jersey","Private","General line grocery merchant wholesalers","County, NAICS 5-digit -- by ownership sector","All establishment sizes",8,123,4956329,0,0,775,40323,"",0.91,0.34,0.48,0.00,0.00,1.41,1.41,"N",0,0,0,0,0,0,0,0,0,0,0,0,0,0
"34007","5","424410","78","0","1990","A","","Camden County, New Jersey","Private","General line grocery merchant wholesalers","County, NAICS 6-digit -- by ownership sector","All establishment sizes",8,123,4956329,0,0,775,40323,"",0.91,0.34,0.48,0.00,0.00,1.41,1.41,"N",0,0,0,0,0,0,0,0,0,0,0,0,0,0
"34007","5","42448","77","0","1990","A","","Camden County, New Jersey","Private","Fruit and vegetable merchant wholesalers","County, NAICS 5-digit -- by ownership sector","All establishment sizes",13,75,2490937,0,0,637,33102,"",1.91,0.65,0.88,0.00,0.00,1.35,1.35,"N",0,0,0,0,0,0,0,0,0,0,0,0,0,0
"34007","5","424480","78","0","1990","A","","Camden County, New Jersey","Private","Fruit and vegetable merchant wholesalers","County, NAICS 6-digit -- by ownership sector","All establishment sizes",13,75,2490937,0,0,637,33102,"",1.91,0.65,0.88,0.00,0.00,1.35,1.35,"N",0,0,0,0,0,0,0,0,0,0,0,0,0,0
"34007","5","42449","77","0","1990","A","","Camden County, New Jersey","Private","Other grocery product merchant wholesalers","County, NAICS 5-digit -- by ownership sector","All establishment sizes",15,346,12600634,0,0,701,36462,"",0.90,1.28,1.63,0.00,0.00,1.28,1.28,"N",0,0,0,0,0,0,0,0,0,0,0,0,0,0
"34007","5","424490","78","0","1990","A","","Camden County, New Jersey","Private","Other grocery product merchant wholesalers","County, NAICS 6-digit -- by ownership sector","All establishment sizes",15,346,12600634,0,0,701,36462,"",0.90,1.28,1.63,0.00,0.00,1.28,1.28,"N",0,0,0,0,0,0,0,0,0,0,0,0,0,0
"34007","5","4246","76","0","1990","A","","Camden County, New Jersey","Private","Chemical merchant wholesalers","County, NAICS 4-digit -- by ownership sector","All establishment sizes",29,309,11338151,0,0,706,36733,"",1.26,1.46,1.38,0.00,0.00,0.95,0.95,"N",0,0,0,0,0,0,0,0,0,0,0,0,0,0
"34007","5","4247","76","0","1990","A","","Camden County, New Jersey","Private","Petroleum merchant wholesalers","County, NAICS 4-digit -- by ownership sector","All establishment sizes",8,176,4657770,0,0,509,26490,"",0.44,0.71,0.65,0.00,0.00,0.91,0.91,"N",0,0,0,0,0,0,0,0,0,0,0,0,0,0
"34007","5","4249","76","0","1990","A","","Camden County, New Jersey","Private","Misc. nondurable goods merchant wholesalers","County, NAICS 4-digit -- by ownership sector","All establishment sizes",27,1090,29582914,0,0,522,27144,"",0.54,2.00,2.23,0.00,0.00,1.11,1.11,"N",0,0,0,0,0,0,0,0,0,0,0,0,0,0
"34007","5","42492","77","0","1990","A","","Camden County, New Jersey","Private","Book and periodical merchant wholesalers","County, NAICS 5-digit -- by ownership sector","All establishment sizes",7,826,23240410,0,0,541,28136,"",1.36,9.94,11.17,0.00,0.00,1.12,1.12,"N",0,0,0,0,0,0,0,0,0,0,0,0,0,0
"34007","5","424920","78","0","1990","A","","Camden County, New Jersey","Private","Book and periodical merchant wholesalers","County, NAICS 6-digit -- by ownership sector","All establishment sizes",7,826,23240410,0,0,541,28136,"",1.36,9.94,11.17,0.00,0.00,1.12,1.12,"N",0,0,0,0,0,0,0,0,0,0,0,0,0,0
"34007","5","42499","77","0","1990","A","","Camden County, New Jersey","Private","Other nondurable goods merchant wholesalers","County, NAICS 5-digit -- by ownership sector","All establishment sizes",7,56,1763282,0,0,604,31394,"",0.54,0.55,0.66,0.00,0.00,1.19,1.19,"N",0,0,0,0,0,0,0,0,0,0,0,0,0,0
"34007","5","424990","78","0","1990","A","","Camden County, New Jersey","Private","Other nondurable goods merchant wholesalers","County, NAICS 6-digit -- by ownership sector","All establishment sizes",7,56,1763282,0,0,604,31394,"",0.54,0.55,0.66,0.00,0.00,1.19,1.19,"N",0,0,0,0,0,0,0,0,0,0,0,0,0,0
"34007","5","425","75","0","1990","A","","Camden County, New Jersey","Private","Electronic markets and agents and brokers","County, NAICS 3-digit -- by ownership sector","All establishment sizes",313,2137,75698760,0,0,681,35431,"",1.19,1.32,1.38,0.00,0.00,1.04,1.05,"N",0,0,0,0,0,0,0,0,0,0,0,0,0,0
"34007","5","4251","76","0","1990","A","","Camden County, New Jersey","Private","Electronic markets and agents and brokers","County, NAICS 4-digit -- by ownership sector","All establishment sizes",313,2137,75698760,0,0,681,35431,"",1.19,1.32,1.38,0.00,0.00,1.04,1.05,"N",0,0,0,0,0,0,0,0,0,0,0,0,0,0
"34007","5","42511","77","0","1990","A","","Camden County, New Jersey","Private","Business to business electronic markets","County, NAICS 5-digit -- by ownership sector","All establishment sizes",17,167,7362405,0,0,849,44152,"",0.77,0.54,0.76,0.00,0.00,1.41,1.41,"N",0,0,0,0,0,0,0,0,0,0,0,0,0,0
"34007","5","425110","78","0","1990","A","","Camden County, New Jersey","Private","Business to business electronic markets","County, NAICS 6-digit -- by ownership sector","All establishment sizes",17,167,7362405,0,0,849,44152,"",0.77,0.54,0.76,0.00,0.00,1.41,1.41,"N",0,0,0,0,0,0,0,0,0,0,0,0,0,0
"34007","5","42512","77","0","1990","A","","Camden County, New Jersey","Private","Wholesale trade agents and brokers","County, NAICS 5-digit -- by ownership sector","All establishment sizes",297,1970,68336355,0,0,667,34693,"",1.24,1.50,1.51,0.00,0.00,1.01,1.01,"N",0,0,0,0,0,0,0,0,0,0,0,0,0,0
"34007","5","425120","78","0","1990","A","","Camden County, New Jersey","Private","Wholesale trade agents and brokers","County, NAICS 6-digit -- by ownership sector","All establishment sizes",297,1970,68336355,0,0,667,34693,"",1.24,1.50,1.51,0.00,0.00,1.01,1.01,"N",0,0,0,0,0,0,0,0,0,0,0,0,0,0
"34007","5","44-45","74","0","1990","A","","Camden County, New Jersey","Private","Retail trade","County, NAICS Sector -- by ownership sector","All establishment sizes",1943,29152,471068833,0,0,311,16159,"",1.11,1.18,1.17,0.00,0.00,0.99,0.99,"N",0,0,0,0,0,0,0,0,0,0,0,0,0,0
"34007","5","441","75","0","1990","A","","Camden County, New Jersey","Private","Motor vehicle and parts dealers","County, NAICS 3-digit -- by ownership sector","All establishment sizes",151,2444,68887233,0,0,542,28192,"",0.76,0.86,0.97,0.00,0.00,1.13,1.13,"N",0,0,0,0,0,0,0,0,0,0,0,0,0,0
"34007","5","4411","76","0","1990","A","","Camden County, New Jersey","Private","Automobile dealers","County, NAICS 4-digit -- by ownership sector","All establishment sizes",53,1526,49806499,0,0,628,32644,"",0.64,0.83,0.98,0.00,0.00,1.17,1.17,"N",0,0,0,0,0,0,0,0,0,0,0,0,0,0
"34007","5","44111","77","0","1990","A","","Camden County, New Jersey","Private","New car dealers","County, NAICS 5-digit -- by ownership sector","All establishment sizes",32,1473,48838543,0,0,638,33160,"",0.65,0.86,1.00,0.00,0.00,1.17,1.17,"N",0,0,0,0,0,0,0,0,0,0,0,0,0,0
"34007","5","441110","78","0","1990","A","","Camden County, New Jersey","Private","New car dealers","County, NAICS 6-digit -- by ownership sector","All establishment sizes",32,1473,48838543,0,0,638,33160,"",0.65,0.86,1.00,0.00,0.00,1.17,1.17,"N",0,0,0,0,0,0,0,0,0,0,0,0,0,0
"34007","5","44112","77","0","1990","A","","Camden County, New Jersey","Private","Used car dealers","County, NAICS 5-digit -- by ownership sector","All establishment sizes",21,53,967956,0,0,352,18292,"",0.63,0.45,0.43,0.00,0.00,0.96,0.95,"N",0,0,0,0,0,0,0,0,0,0,0,0,0,0
"34007","5","441120","78","0","1990","A","","Camden County, New Jersey","Private","Used car dealers","County, NAICS 6-digit -- by ownership sector","All establishment sizes",21,53,967956,0,0,352,18292,"",0.63,0.45,0.43,0.00,0.00,0.96,0.95,"N",0,0,0,0,0,0,0,0,0,0,0,0,0,0
"34007","5","4412","76","0","1990","A","","Camden County, New Jersey","Private","Other motor vehicle dealers","County, NAICS 4-digit -- by ownership sector","All establishment sizes",22,179,3553655,0,0,382,19862,"",0.88,1.06,1.02,0.00,0.00,0.96,0.96,"N",0,0,0,0,0,0,0,0,0,0,0,0,0,0
"34007","5","4413","76","0","1990","A","","Camden County, New Jersey","Private","Auto parts, accessories, and tire stores","County, NAICS 4-digit -- by ownership sector","All establishment sizes",76,739,15527079,0,0,404,21016,"",0.83,0.87,0.94,0.00,0.00,1.08,1.07,"N",0,0,0,0,0,0,0,0,0,0,0,0,0,0
"34007","5","44131","77","0","1990","A","","Camden County, New Jersey","Private","Automotive parts and accessories stores","County, NAICS 5-digit -- by ownership sector","All establishment sizes",51,393,7428987,0,0,363,18887,"",0.82,0.69,0.69,0.00,0.00,1.00,1.00,"N",0,0,0,0,0,0,0,0,0,0,0,0,0,0
"34007","5","441310","78","0","1990","A","","Camden County, New Jersey","Private","Automotive parts and accessories stores","County, NAICS 6-digit -- by ownership sector","All establishment sizes",51,393,7428987,0,0,363,18887,"",0.82,0.69,0.69,0.00,0.00,1.00,1.00,"N",0,0,0,0,0,0,0,0,0,0,0,0,0,0
"34007","5","44132","77","0","1990","A","","Camden County, New Jersey","Private","Tire dealers","County, NAICS 5-digit -- by ownership sector","All establishment sizes",25,346,8098092,0,0,451,23439,"",0.87,1.26,1.40,0.00,0.00,1.11,1.11,"N",0,0,0,0,0,0,0,0,0,0,0,0,0,0
"34007","5","441320","78","0","1990","A","","Camden County, New Jersey","Private","Tire dealers","County, NAICS 6-digit -- by ownership sector","All establishment sizes",25,346,8098092,0,0,451,23439,"",0.87,1.26,1.40,0.00,0.00,1.11,1.11,"N",0,0,0,0,0,0,0,0,0,0,0,0,0,0
"34007","5","442","75","0","1990","A","","Camden County, New Jersey","Private","Furniture and home furnishings stores","County, NAICS 3-digit -- by ownership sector","All establishment sizes",127,1202,26421035,0,0,423,21987,"",1.29,1.49,1.66,0.00,0.00,1.11,1.11,"N",0,0,0,0,0,0,0,0,0,0,0,0,0,0
"34007","5","4421","76","0","1990","A","","Camden County, New Jersey","Private","Furniture stores","County, NAICS 4-digit -- by ownership sector","All establishment sizes",55,690,14165988,0,0,395,20525,"",1.20,1.51,1.51,0.00,0.00,1.00,1.00,"N",0,0,0,0,0,0,0,0,0,0,0,0,0,0
"34007","5","44211","77","0","1990","A","","Camden County, New Jersey","Private","Furniture stores","County, NAICS 5-digit -- by ownership sector","All establishment sizes",55,690,14165988,0,0,395,20525,"",1.20,1.51,1.51,0.00,0.00,1.00,1.00,"N",0,0,0,0,0,0,0,0,0,0,0,0,0,0
"34007","5","442110","78","0","1990","A","","Camden County, New Jersey","Private","Furniture stores","County, NAICS 6-digit -- by ownership sector","All establishment sizes",55,690,14165988,0,0,395,20525,"",1.20,1.51,1.51,0.00,0.00,1.00,1.00,"N",0,0,0,0,0,0,0,0,0,0,0,0,0,0
"34007","5","4422","76","0","1990","A","","Camden County, New Jersey","Private","Home furnishings stores","County, NAICS 4-digit -- by ownership sector","All establishment sizes",73,512,12255047,0,0,461,23959,"",1.39,1.47,1.88,0.00,0.00,1.28,1.28,"N",0,0,0,0,0,0,0,0,0,0,0,0,0,0
"34007","5","44221","77","0","1990","A","","Camden County, New Jersey","Private","Floor covering stores","County, NAICS 5-digit -- by ownership sector","All establishment sizes",45,285,8301731,0,0,560,29129,"",1.64,1.62,2.05,0.00,0.00,1.27,1.26,"N",0,0,0,0,0,0,0,0,0,0,0,0,0,0
"34007","5","442210","78","0","1990","A","","Camden County, New Jersey","Private","Floor covering stores","County, NAICS 6-digit -- by ownership sector","All establishment sizes",45,285,8301731,0,0,560,29129,"",1.64,1.62,2.05,0.00,0.00,1.27,1.26,"N",0,0,0,0,0,0,0,0,0,0,0,0,0,0
"34007","5","44229","77","0","1990","A","","Camden County, New Jersey","Private","Other home furnishings stores","County, NAICS 5-digit -- by ownership sector","All establishment sizes",28,227,3953316,0,0,336,17454,"",1.12,1.31,1.60,0.00,0.00,1.22,1.22,"N",0,0,0,0,0,0,0,0,0,0,0,0,0,0
"34007","5","443","75","0","1990","A","","Camden County, New Jersey","Private","Electronics and appliance stores","County, NAICS 3-digit -- by ownership sector","All establishment sizes",92,1066,30476759,0,0,550,28590,"",1.15,1.43,1.52,0.00,0.00,1.07,1.07,"N",0,0,0,0,0,0,0,0,0,0,0,0,0,0
"34007","5","4431","76","0","1990","A","","Camden County, New Jersey","Private","Electronics and appliance stores","County, NAICS 4-digit -- by ownership sector","All establishment sizes",92,1066,30476759,0,0,550,28590,"",1.15,1.43,1.52,0.00,0.00,1.07,1.07,"N",0,0,0,0,0,0,0,0,0,0,0,0,0,0
"34007","5","44311","77","0","1990","A","","Camden County, New Jersey","Private","Appliance, tv, and other electronics stores","County, NAICS 5-digit -- by ownership sector","All establishment sizes",59,584,13961234,0,0,460,23896,"",1.22,1.43,1.63,0.00,0.00,1.14,1.14,"N",0,0,0,0,0,0,0,0,0,0,0,0,0,0
"34007","5","443111","78","0","1990","A","","Camden County, New Jersey","Private","Household appliance stores","County, NAICS 6-digit -- by ownership sector","All establishment sizes",25,277,6911905,0,0,480,24960,"",1.11,1.43,1.69,0.00,0.00,1.19,1.18,"N",0,0,0,0,0,0,0,0,0,0,0,0,0,0
"34007","5","443112","78","0","1990","A","","Camden County, New Jersey","Private","Radio, tv, and other electronics stores","County, NAICS 6-digit -- by ownership sector","All establishment sizes",34,307,7049329,0,0,441,22937,"",1.31,1.43,1.57,0.00,0.00,1.10,1.10,"N",0,0,0,0,0,0,0,0,0,0,0,0,0,0
"34007","5","444","75","0","1990","A","","Camden County, New Jersey","Private","Building material and garden supply stores","County, NAICS 3-digit -- by ownership sector","All establishment sizes",155,1844,40955552,0,0,427,22207,"",1.03,1.09,1.22,0.00,0.00,1.13,1.13,"N",0,0,0,0,0,0,0,0,0,0,0,0,0,0
"34007","5","4441","76","0","1990","A","","Camden County, New Jersey","Private","Building material and supplies dealers","County, NAICS 4-digit -- by ownership sector","All establishment sizes",131,1609,36419477,0,0,435,22642,"",1.15,1.14,1.28,0.00,0.00,1.12,1.12,"N",0,0,0,0,0,0,0,0,0,0,0,0,0,0
"34007","5","44411","77","0","1990","A","","Camden County, New Jersey","Private","Home centers","County, NAICS 5-digit -- by ownership sector","All establishment sizes",18,538,9528335,0,0,340,17697,"",0.88,1.12,1.05,0.00,0.00,0.94,0.94,"N",0,0,0,0,0,0,0,0,0,0,0,0,0,0
"34007","5","444110","78","0","1990","A","","Camden County, New Jersey","Private","Home centers","County, NAICS 6-digit -- by ownership sector","All establishment sizes",18,538,9528335,0,0,340,17697,"",0.88,1.12,1.05,0.00,0.00,0.94,0.94,"N",0,0,0,0,0,0,0,0,0,0,0,0,0,0
"34007","5","44412","77","0","1990","A","","Camden County, New Jersey","Private","Paint and wallpaper stores","County, NAICS 5-digit -- by ownership sector","All establishment sizes",19,193,3959249,0,0,394,20497,"",1.66,2.10,2.13,0.00,0.00,1.02,1.02,"N",0,0,0,0,0,0,0,0,0,0,0,0,0,0
"34007","5","444120","78","0","1990","A","","Camden County, New Jersey","Private","Paint and wallpaper stores","County, NAICS 6-digit -- by ownership sector","All establishment sizes",19,193,3959249,0,0,394,20497,"",1.66,2.10,2.13,0.00,0.00,1.02,1.02,"N",0,0,0,0,0,0,0,0,0,0,0,0,0,0
"34007","5","44413","77","0","1990","A","","Camden County, New Jersey","Private","Hardware stores","County, NAICS 5-digit -- by ownership sector","All establishment sizes",31,185,2682508,0,0,279,14526,"",0.83,0.57,0.53,0.00,0.00,0.93,0.93,"N",0,0,0,0,0,0,0,0,0,0,0,0,0,0
"34007","5","444130","78","0","1990","A","","Camden County, New Jersey","Private","Hardware stores","County, NAICS 6-digit -- by ownership sector","All establishment sizes",31,185,2682508,0,0,279,14526,"",0.83,0.57,0.53,0.00,0.00,0.93,0.93,"N",0,0,0,0,0,0,0,0,0,0,0,0,0,0
"34007","5","44419","77","0","1990","A","","Camden County, New Jersey","Private","Other building material dealers","County, NAICS 5-digit -- by ownership sector","All establishment sizes",64,692,20249385,0,0,563,29252,"",1.42,1.34,1.62,0.00,0.00,1.20,1.20,"N",0,0,0,0,0,0,0,0,0,0,0,0,0,0
"34007","5","444190","78","0","1990","A","","Camden County, New Jersey","Private","Other building material dealers","County, NAICS 6-digit -- by ownership sector","All establishment sizes",64,692,20249385,0,0,563,29252,"",1.42,1.34,1.62,0.00,0.00,1.20,1.20,"N",0,0,0,0,0,0,0,0,0,0,0,0,0,0
"34007","5","4442","76","0","1990","A","","Camden County, New Jersey","Private","Lawn and garden equipment and supplies stores","County, NAICS 4-digit -- by ownership sector","All establishment sizes",23,236,4536075,0,0,370,19241,"",0.64,0.82,0.92,0.00,0.00,1.12,1.12,"N",0,0,0,0,0,0,0,0,0,0,0,0,0,0
"34007","5","44421","77","0","1990","A","","Camden County, New Jersey","Private","Outdoor power equipment stores","County, NAICS 5-digit -- by ownership sector","All establishment sizes",11,33,762479,0,0,440,22874,"",0.95,0.59,0.77,0.00,0.00,1.30,1.30,"N",0,0,0,0,0,0,0,0,0,0,0,0,0,0
"34007","5","444210","78","0","1990","A","","Camden County, New Jersey","Private","Outdoor power equipment stores","County, NAICS 6-digit -- by ownership sector","All establishment sizes",11,33,762479,0,0,440,22874,"",0.95,0.59,0.77,0.00,0.00,1.30,1.30,"N",0,0,0,0,0,0,0,0,0,0,0,0,0,0
"34007","5","44422","77","0","1990","A","","Camden County, New Jersey","Private","Nursery, garden, and farm supply stores","County, NAICS 5-digit -- by ownership sector","All establishment sizes",12,202,3773596,0,0,359,18643,"",0.49,0.87,0.96,0.00,0.00,1.09,1.09,"N",0,0,0,0,0,0,0,0,0,0,0,0,0,0
"34007","5","444220","78","0","1990","A","","Camden County, New Jersey","Private","Nursery, garden, and farm supply stores","County, NAICS 6-digit -- by ownership sector","All establishment sizes",12,202,3773596,0,0,359,18643,"",0.49,0.87,0.96,0.00,0.00,1.09,1.09,"N",0,0,0,0,0,0,0,0,0,0,0,0,0,0
"34007","5","445","75","0","1990","A","","Camden County, New Jersey","Private","Food and beverage stores","County, NAICS 3-digit -- by ownership sector","All establishment sizes",329,5370,74948777,0,0,268,13957,"",1.39,1.08,1.05,0.00,0.00,0.97,0.97,"N",0,0,0,0,0,0,0,0,0,0,0,0,0,0
"34007","5","4451","76","0","1990","A","","Camden County, New Jersey","Private","Grocery stores","County, NAICS 4-digit -- by ownership sector","All establishment sizes",179,4287,58879132,0,0,264,13734,"",1.33,1.01,0.98,0.00,0.00,0.97,0.97,"N",0,0,0,0,0,0,0,0,0,0,0,0,0,0
"34007","5","44511","77","0","1990","A","","Camden County, New Jersey","Private","Supermarkets and other grocery stores","County, NAICS 5-digit -- by ownership sector","All establishment sizes",104,2940,44193896,0,0,289,15030,"",1.14,0.75,0.78,0.00,0.00,1.05,1.04,"N",0,0,0,0,0,0,0,0,0,0,0,0,0,0
"34007","5","445110","78","0","1990","A","","Camden County, New Jersey","Private","Supermarkets and other grocery stores","County, NAICS 6-digit -- by ownership sector","All establishment sizes",104,2940,44193896,0,0,289,15030,"",1.14,0.75,0.78,0.00,0.00,1.05,1.04,"N",0,0,0,0,0,0,0,0,0,0,0,0,0,0
"34007","5","44512","77","0","1990","A","","Camden County, New Jersey","Private","Convenience stores","County, NAICS 5-digit -- by ownership sector","All establishment sizes",74,1347,14685236,0,0,210,10904,"",1.73,3.94,4.03,0.00,0.00,1.02,1.02,"N",0,0,0,0,0,0,0,0,0,0,0,0,0,0
"34007","5","445120","78","0","1990","A","","Camden County, New Jersey","Private","Convenience stores","County, NAICS 6-digit -- by ownership sector","All establishment sizes",74,1347,14685236,0,0,210,10904,"",1.73,3.94,4.03,0.00,0.00,1.02,1.02,"N",0,0,0,0,0,0,0,0,0,0,0,0,0,0
"34007","5","4452","76","0","1990","A","","Camden County, New Jersey","Private","Specialty food stores","County, NAICS 4-digit -- by ownership sector","All establishment sizes",61,440,6767920,0,0,296,15399,"",1.16,0.96,0.88,0.00,0.00,0.92,0.92,"N",0,0,0,0,0,0,0,0,0,0,0,0,0,0
"34007","5","44521","77","0","1990","A","","Camden County, New Jersey","Private","Meat markets","County, NAICS 5-digit -- by ownership sector","All establishment sizes",16,74,905795,0,0,235,12227,"",1.17,0.82,0.63,0.00,0.00,0.77,0.77,"N",0,0,0,0,0,0,0,0,0,0,0,0,0,0
"34007","5","445210","78","0","1990","A","","Camden County, New Jersey","Private","Meat markets","County, NAICS 6-digit -- by ownership sector","All establishment sizes",16,74,905795,0,0,235,12227,"",1.17,0.82,0.63,0.00,0.00,0.77,0.77,"N",0,0,0,0,0,0,0,0,0,0,0,0,0,0
"34007","5","44522","77","0","1990","A","","Camden County, New Jersey","Private","Fish and seafood markets","County, NAICS 5-digit -- by ownership sector","All establishment sizes",8,34,305075,0,0,172,8951,"",1.50,1.12,0.63,0.00,0.00,0.56,0.56,"N",0,0,0,0,0,0,0,0,0,0,0,0,0,0
"34007","5","445220","78","0","1990","A","","Camden County, New Jersey","Private","Fish and seafood markets","County, NAICS 6-digit -- by ownership sector","All establishment sizes",8,34,305075,0,0,172,8951,"",1.50,1.12,0.63,0.00,0.00,0.56,0.56,"N",0,0,0,0,0,0,0,0,0,0,0,0,0,0
"34007","5","44523","77","0","1990","A","","Camden County, New Jersey","Private","Fruit and vegetable markets","County, NAICS 5-digit -- by ownership sector","All establishment sizes",12,139,1581011,0,0,218,11340,"",1.67,1.90,1.27,0.00,0.00,0.66,0.66,"N",0,0,0,0,0,0,0,0,0,0,0,0,0,0
"34007","5","445230","78","0","1990","A","","Camden County, New Jersey","Private","Fruit and vegetable markets","County, NAICS 6-digit -- by ownership sector","All establishment sizes",12,139,1581011,0,0,218,11340,"",1.67,1.90,1.27,0.00,0.00,0.66,0.66,"N",0,0,0,0,0,0,0,0,0,0,0,0,0,0
"34007","5","44529","77","0","1990","A","","Camden County, New Jersey","Private","Other specialty food stores","County, NAICS 5-digit -- by ownership sector","All establishment sizes",26,192,3976039,0,0,398,20718,"",0.98,0.73,0.88,0.00,0.00,1.22,1.21,"N",0,0,0,0,0,0,0,0,0,0,0,0,0,0
"34007","5","445299","78","0","1990","A","","Camden County, New Jersey","Private","All other specialty food stores","County, NAICS 6-digit -- by ownership sector","All establishment sizes",11,91,2876880,0,0,606,31527,"",0.69,0.51,0.84,0.00,0.00,1.64,1.64,"N",0,0,0,0,0,0,0,0,0,0,0,0,0,0
"34007","5","4453","76","0","1990","A","","Camden County, New Jersey","Private","Beer, wine, and liquor stores","County, NAICS 4-digit -- by ownership sector","All establishment sizes",89,643,9301725,0,0,278,14461,"",1.80,2.45,2.49,0.00,0.00,1.01,1.01,"N",0,0,0,0,0,0,0,0,0,0,0,0,0,0
"34007","5","44531","77","0","1990","A","","Camden County, New Jersey","Private","Beer, wine, and liquor stores","County, NAICS 5-digit -- by ownership sector","All establishment sizes",89,643,9301725,0,0,278,14461,"",1.80,2.45,2.49,0.00,0.00,1.01,1.01,"N",0,0,0,0,0,0,0,0,0,0,0,0,0,0
"34007","5","445310","78","0","1990","A","","Camden County, New Jersey","Private","Beer, wine, and liquor stores","County, NAICS 6-digit -- by ownership sector","All establishment sizes",89,643,9301725,0,0,278,14461,"",1.80,2.45,2.49,0.00,0.00,1.01,1.01,"N",0,0,0,0,0,0,0,0,0,0,0,0,0,0
"34007","5","446","75","0","1990","A","","Camden County, New Jersey","Private","Health and personal care stores","County, NAICS 3-digit -- by ownership sector","All establishment sizes",154,1767,27647184,0,0,301,15643,"",1.31,1.18,1.07,0.00,0.00,0.91,0.91,"N",0,0,0,0,0,0,0,0,0,0,0,0,0,0
"34007","5","4461","76","0","1990","A","","Camden County, New Jersey","Private","Health and personal care stores","County, NAICS 4-digit -- by ownership sector","All establishment sizes",154,1767,27647184,0,0,301,15643,"",1.31,1.18,1.07,0.00,0.00,0.91,0.91,"N",0,0,0,0,0,0,0,0,0,0,0,0,0,0
"34007","5","44611","77","0","1990","A","","Camden County, New Jersey","Private","Pharmacies and drug stores","County, NAICS 5-digit -- by ownership sector","All establishment sizes",96,1387,18753272,0,0,260,13522,"",1.36,1.19,0.99,0.00,0.00,0.83,0.84,"N",0,0,0,0,0,0,0,0,0,0,0,0,0,0
"34007","5","446110","78","0","1990","A","","Camden County, New Jersey","Private","Pharmacies and drug stores","County, NAICS 6-digit -- by ownership sector","All establishment sizes",96,1387,18753272,0,0,260,13522,"",1.36,1.19,0.99,0.00,0.00,0.83,0.84,"N",0,0,0,0,0,0,0,0,0,0,0,0,0,0
"34007","5","44613","77","0","1990","A","","Camden County, New Jersey","Private","Optical goods stores","County, NAICS 5-digit -- by ownership sector","All establishment sizes",21,107,2650951,0,0,478,24853,"",1.31,0.87,1.14,0.00,0.00,1.31,1.31,"N",0,0,0,0,0,0,0,0,0,0,0,0,0,0
"34007","5","446130","78","0","1990","A","","Camden County, New Jersey","Private","Optical goods stores","County, NAICS 6-digit -- by ownership sector","All establishment sizes",21,107,2650951,0,0,478,24853,"",1.31,0.87,1.14,0.00,0.00,1.31,1.31,"N",0,0,0,0,0,0,0,0,0,0,0,0,0,0
"34007","5","446199","78","0","1990","A","","Camden County, New Jersey","Private","All other health and personal care stores","County, NAICS 6-digit -- by ownership sector","All establishment sizes",10,58,1321126,0,0,435,22616,"",0.87,0.85,0.76,0.00,0.00,0.89,0.89,"N",0,0,0,0,0,0,0,0,0,0,0,0,0,0
"34007","5","447","75","0","1990","A","","Camden County, New Jersey","Private","Gasoline stations","County, NAICS 3-digit -- by ownership sector","All establishment sizes",133,1081,12601684,0,0,224,11656,"",0.75,0.64,0.64,0.00,0.00,0.99,0.99,"N",0,0,0,0,0,0,0,0,0,0,0,0,0,0
"34007","5","4471","76","0","1990","A","","Camden County, New Jersey","Private","Gasoline stations","County, NAICS 4-digit -- by ownership sector","All establishment sizes",133,1081,12601684,0,0,224,11656,"",0.75,0.64,0.64,0.00,0.00,0.99,0.99,"N",0,0,0,0,0,0,0,0,0,0,0,0,0,0
"34007","5","44711","77","0","1990","A","","Camden County, New Jersey","Private","Gasoline stations with convenience stores","County, NAICS 5-digit -- by ownership sector","All establishment sizes",38,328,3766246,0,0,221,11471,"",0.29,0.26,0.26,0.00,0.00,1.00,1.00,"N",0,0,0,0,0,0,0,0,0,0,0,0,0,0
"34007","5","447110","78","0","1990","A","","Camden County, New Jersey","Private","Gasoline stations with convenience stores","County, NAICS 6-digit -- by ownership sector","All establishment sizes",38,328,3766246,0,0,221,11471,"",0.29,0.26,0.26,0.00,0.00,1.00,1.00,"N",0,0,0,0,0,0,0,0,0,0,0,0,0,0
"34007","5","44719","77","0","1990","A","","Camden County, New Jersey","Private","Other gasoline stations","County, NAICS 5-digit -- by ownership sector","All establishment sizes",95,753,8835438,0,0,226,11736,"",1.99,1.89,1.74,0.00,0.00,0.92,0.92,"N",0,0,0,0,0,0,0,0,0,0,0,0,0,0
"34007","5","447190","78","0","1990","A","","Camden County, New Jersey","Private","Other gasoline stations","County, NAICS 6-digit -- by ownership sector","All establishment sizes",95,753,8835438,0,0,226,11736,"",1.99,1.89,1.74,0.00,0.00,0.92,0.92,"N",0,0,0,0,0,0,0,0,0,0,0,0,0,0
"34007","5","448","75","0","1990","A","","Camden County, New Jersey","Private","Clothing and clothing accessories stores","County, NAICS 3-digit -- by ownership sector","All establishment sizes",348,3673,44064746,0,0,231,11997,"",1.39,1.46,1.34,0.00,0.00,0.92,0.92,"N",0,0,0,0,0,0,0,0,0,0,0,0,0,0
"34007","5","4481","76","0","1990","A","","Camden County, New Jersey","Private","Clothing stores","County, NAICS 4-digit -- by ownership sector","All establishment sizes",227,2794,32591374,0,0,224,11663,"",1.45,1.57,1.48,0.00,0.00,0.94,0.94,"N",0,0,0,0,0,0,0,0,0,0,0,0,0,0
"34007","5","44811","77","0","1990","A","","Camden County, New Jersey","Private","Men's clothing stores","County, NAICS 5-digit -- by ownership sector","All establishment sizes",33,314,5732299,0,0,352,18285,"",2.11,2.08,2.20,0.00,0.00,1.06,1.06,"N",0,0,0,0,0,0,0,0,0,0,0,0,0,0
"34007","5","448110","78","0","1990","A","","Camden County, New Jersey","Private","Men's clothing stores","County, NAICS 6-digit -- by ownership sector","All establishment sizes",33,314,5732299,0,0,352,18285,"",2.11,2.08,2.20,0.00,0.00,1.06,1.06,"N",0,0,0,0,0,0,0,0,0,0,0,0,0,0
"34007","5","44812","77","0","1990","A","","Camden County, New Jersey","Private","Women's clothing stores","County, NAICS 5-digit -- by ownership sector","All establishment sizes",72,1087,10468669,0,0,185,9631,"",1.35,1.73,1.53,0.00,0.00,0.88,0.88,"N",0,0,0,0,0,0,0,0,0,0,0,0,0,0
"34007","5","448120","78","0","1990","A","","Camden County, New Jersey","Private","Women's clothing stores","County, NAICS 6-digit -- by ownership sector","All establishment sizes",72,1087,10468669,0,0,185,9631,"",1.35,1.73,1.53,0.00,0.00,0.88,0.88,"N",0,0,0,0,0,0,0,0,0,0,0,0,0,0
"34007","5","44813","77","0","1990","A","","Camden County, New Jersey","Private","Children's and infants' clothing stores","County, NAICS 5-digit -- by ownership sector","All establishment sizes",18,202,1942924,0,0,185,9638,"",1.91,2.71,2.06,0.00,0.00,0.76,0.76,"N",0,0,0,0,0,0,0,0,0,0,0,0,0,0
"34007","5","448130","78","0","1990","A","","Camden County, New Jersey","Private","Children's and infants' clothing stores","County, NAICS 6-digit -- by ownership sector","All establishment sizes",18,202,1942924,0,0,185,9638,"",1.91,2.71,2.06,0.00,0.00,0.76,0.76,"N",0,0,0,0,0,0,0,0,0,0,0,0,0,0
"34007","5","44814","77","0","1990","A","","Camden County, New Jersey","Private","Family clothing stores","County, NAICS 5-digit -- by ownership sector","All establishment sizes",21,508,5316672,0,0,201,10457,"",0.82,0.91,0.75,0.00,0.00,0.83,0.83,"N",0,0,0,0,0,0,0,0,0,0,0,0,0,0
"34007","5","448140","78","0","1990","A","","Camden County, New Jersey","Private","Family clothing stores","County, NAICS 6-digit -- by ownership sector","All establishment sizes",21,508,5316672,0,0,201,10457,"",0.82,0.91,0.75,0.00,0.00,0.83,0.83,"N",0,0,0,0,0,0,0,0,0,0,0,0,0,0
"34007","5","44815","77","0","1990","A","","Camden County, New Jersey","Private","Clothing accessories stores","County, NAICS 5-digit -- by ownership sector","All establishment sizes",14,100,949272,0,0,183,9517,"",0.95,1.01,0.77,0.00,0.00,0.77,0.77,"N",0,0,0,0,0,0,0,0,0,0,0,0,0,0
"34007","5","448150","78","0","1990","A","","Camden County, New Jersey","Private","Clothing accessories stores","County, NAICS 6-digit -- by ownership sector","All establishment sizes",14,100,949272,0,0,183,9517,"",0.95,1.01,0.77,0.00,0.00,0.77,0.77,"N",0,0,0,0,0,0,0,0,0,0,0,0,0,0
"34007","5","44819","77","0","1990","A","","Camden County, New Jersey","Private","Other clothing stores","County, NAICS 5-digit -- by ownership sector","All establishment sizes",69,584,8181538,0,0,269,14005,"",1.83,2.17,2.44,0.00,0.00,1.12,1.12,"N",0,0,0,0,0,0,0,0,0,0,0,0,0,0
"34007","5","448190","78","0","1990","A","","Camden County, New Jersey","Private","Other clothing stores","County, NAICS 6-digit -- by ownership sector","All establishment sizes",69,584,8181538,0,0,269,14005,"",1.83,2.17,2.44,0.00,0.00,1.12,1.12,"N",0,0,0,0,0,0,0,0,0,0,0,0,0,0
"34007","5","4482","76","0","1990","A","","Camden County, New Jersey","Private","Shoe stores","County, NAICS 4-digit -- by ownership sector","All establishment sizes",63,527,5845465,0,0,213,11085,"",1.37,1.27,1.14,0.00,0.00,0.90,0.90,"N",0,0,0,0,0,0,0,0,0,0,0,0,0,0
"34007","5","44821","77","0","1990","A","","Camden County, New Jersey","Private","Shoe stores","County, NAICS 5-digit -- by ownership sector","All establishment sizes",63,527,5845465,0,0,213,11085,"",1.37,1.27,1.14,0.00,0.00,0.90,0.90,"N",0,0,0,0,0,0,0,0,0,0,0,0,0,0
"34007","5","448210","78","0","1990","A","","Camden County, New Jersey","Private","Shoe stores","County, NAICS 6-digit -- by ownership sector","All establishment sizes",63,527,5845465,0,0,213,11085,"",1.37,1.27,1.14,0.00,0.00,0.90,0.90,"N",0,0,0,0,0,0,0,0,0,0,0,0,0,0
"34007","5","4483","76","0","1990","A","","Camden County, New Jersey","Private","Jewelry, luggage, and leather goods stores","County, NAICS 4-digit -- by ownership sector","All establishment sizes",58,351,5627907,0,0,308,16030,"",1.23,1.11,0.98,0.00,0.00,0.89,0.89,"N",0,0,0,0,0,0,0,0,0,0,0,0,0,0
"34007","5","451","75","0","1990","A","","Camden County, New Jersey","Private","Sporting goods, hobby, book and music stores","County, NAICS 3-digit -- by ownership sector","All establishment sizes",103,1470,17907125,0,0,234,12182,"",0.94,1.45,1.41,0.00,0.00,0.97,0.97,"N",0,0,0,0,0,0,0,0,0,0,0,0,0,0
"34007","5","4511","76","0","1990","A","","Camden County, New Jersey","Private","Sporting goods and musical instrument stores","County, NAICS 4-digit -- by ownership sector","All establishment sizes",62,973,12954862,0,0,256,13310,"",0.81,1.45,1.53,0.00,0.00,1.06,1.06,"N",0,0,0,0,0,0,0,0,0,0,0,0,0,0
"34007","5","45111","77","0","1990","A","","Camden County, New Jersey","Private","Sporting goods stores","County, NAICS 5-digit -- by ownership sector","All establishment sizes",29,221,2942273,0,0,256,13303,"",0.71,0.74,0.72,0.00,0.00,0.97,0.98,"N",0,0,0,0,0,0,0,0,0,0,0,0,0,0
"34007","5","451110","78","0","1990","A","","Camden County, New Jersey","Private","Sporting goods stores","County, NAICS 6-digit -- by ownership sector","All establishment sizes",29,221,2942273,0,0,256,13303,"",0.71,0.74,0.72,0.00,0.00,0.97,0.98,"N",0,0,0,0,0,0,0,0,0,0,0,0,0,0
"34007","5","45112","77","0","1990","A","","Camden County, New Jersey","Private","Hobby, toy, and game stores","County, NAICS 5-digit -- by ownership sector","All establishment sizes",19,553,8368639,0,0,291,15122,"",1.28,2.86,3.91,0.00,0.00,1.36,1.36,"N",0,0,0,0,0,0,0,0,0,0,0,0,0,0
"34007","5","451120","78","0","1990","A","","Camden County, New Jersey","Private","Hobby, toy, and game stores","County, NAICS 6-digit -- by ownership sector","All establishment sizes",19,553,8368639,0,0,291,15122,"",1.28,2.86,3.91,0.00,0.00,1.36,1.36,"N",0,0,0,0,0,0,0,0,0,0,0,0,0,0
"34007","5","45113","77","0","1990","A","","Camden County, New Jersey","Private","Sewing, needlework, and piece goods stores","County, NAICS 5-digit -- by ownership sector","All establishment sizes",8,152,1088821,0,0,137,7144,"",0.60,1.17,0.82,0.00,0.00,0.70,0.70,"N",0,0,0,0,0,0,0,0,0,0,0,0,0,0
"34007","5","451130","78","0","1990","A","","Camden County, New Jersey","Private","Sewing, needlework, and piece goods stores","County, NAICS 6-digit -- by ownership sector","All establishment sizes",8,152,1088821,0,0,137,7144,"",0.60,1.17,0.82,0.00,0.00,0.70,0.70,"N",0,0,0,0,0,0,0,0,0,0,0,0,0,0
"34007","5","45114","77","0","1990","A","","Camden County, New Jersey","Private","Musical instrument and supplies stores","County, NAICS 5-digit -- by ownership sector","All establishment sizes",7,46,555129,0,0,230,11981,"",0.92,0.91,0.61,0.00,0.00,0.66,0.66,"N",0,0,0,0,0,0,0,0,0,0,0,0,0,0
"34007","5","451140","78","0","1990","A","","Camden County, New Jersey","Private","Musical instrument and supplies stores","County, NAICS 6-digit -- by ownership sector","All establishment sizes",7,46,555129,0,0,230,11981,"",0.92,0.91,0.61,0.00,0.00,0.66,0.66,"N",0,0,0,0,0,0,0,0,0,0,0,0,0,0
"34007","5","4512","76","0","1990","A","","Camden County, New Jersey","Private","Book, periodical, and music stores","County, NAICS 4-digit -- by ownership sector","All establishment sizes",41,497,4952263,0,0,192,9971,"",1.27,1.46,1.17,0.00,0.00,0.80,0.80,"N",0,0,0,0,0,0,0,0,0,0,0,0,0,0
"34007","5","45121","77","0","1990","A","","Camden County, New Jersey","Private","Book stores and news dealers","County, NAICS 5-digit -- by ownership sector","All establishment sizes",28,308,3597423,0,0,225,11696,"",1.26,1.45,1.36,0.00,0.00,0.94,0.94,"N",0,0,0,0,0,0,0,0,0,0,0,0,0,0
"34007","5","451211","78","0","1990","A","","Camden County, New Jersey","Private","Book stores","County, NAICS 6-digit -- by ownership sector","All establishment sizes",19,275,3223257,0,0,225,11721,"",1.01,1.39,1.31,0.00,0.00,0.94,0.94,"N",0,0,0,0,0,0,0,0,0,0,0,0,0,0
"34007","5","451212","78","0","1990","A","","Camden County, New Jersey","Private","News dealers and newsstands","County, NAICS 6-digit -- by ownership sector","All establishment sizes",8,33,374166,0,0,221,11483,"",2.37,2.14,2.12,0.00,0.00,1.01,1.01,"N",0,0,0,0,0,0,0,0,0,0,0,0,0,0
"34007","5","45122","77","0","1990","A","","Camden County, New Jersey","Private","Precorded tape, cd, and record stores","County, NAICS 5-digit -- by ownership sector","All establishment sizes",13,189,1354840,0,0,138,7165,"",1.29,1.49,0.85,0.00,0.00,0.57,0.57,"N",0,0,0,0,0,0,0,0,0,0,0,0,0,0
"34007","5","451220","78","0","1990","A","","Camden County, New Jersey","Private","Precorded tape, cd, and record stores","County, NAICS 6-digit -- by ownership sector","All establishment sizes",13,189,1354840,0,0,138,7165,"",1.29,1.49,0.85,0.00,0.00,0.57,0.57,"N",0,0,0,0,0,0,0,0,0,0,0,0,0,0
"34007","5","452","75","0","1990","A","","Camden County, New Jersey","Private","General merchandise stores","County, NAICS 3-digit -- by ownership sector","All establishment sizes",63,6405,77091838,0,0,231,12036,"",1.03,1.35,1.26,0.00,0.00,0.93,0.93,"N",0,0,0,0,0,0,0,0,0,0,0,0,0,0
"34007","5","4521","76","0","1990","A","","Camden County, New Jersey","Private","Department stores","County, NAICS 4-digit -- by ownership sector","All establishment sizes",19,4630,51309480,0,0,213,11081,"",1.25,1.54,1.32,0.00,0.00,0.86,0.86,"N",0,0,0,0,0,0,0,0,0,0,0,0,0,0
"34007","5","45211","77","0","1990","A","","Camden County, New Jersey","Private","Department stores","County, NAICS 5-digit -- by ownership sector","All establishment sizes",19,4630,51309480,0,0,213,11081,"",1.25,1.54,1.32,0.00,0.00,0.86,0.86,"N",0,0,0,0,0,0,0,0,0,0,0,0,0,0
"34007","5","452111","78","0","1990","A","","Camden County, New Jersey","Private","Department stores, except discount","County, NAICS 6-digit -- by ownership sector","All establishment sizes",7,2883,35921876,0,0,240,12461,"",1.11,1.80,1.55,0.00,0.00,0.87,0.87,"N",0,0,0,0,0,0,0,0,0,0,0,0,0,0
"34007","5","452112","78","0","1990","A","","Camden County, New Jersey","Private","Discount department stores","County, NAICS 6-digit -- by ownership sector","All establishment sizes",12,1748,15387604,0,0,169,8805,"",1.34,1.25,0.97,0.00,0.00,0.78,0.78,"N",0,0,0,0,0,0,0,0,0,0,0,0,0,0
"34007","5","4529","76","0","1990","A","","Camden County, New Jersey","Private","Other general merchandise stores","County, NAICS 4-digit -- by ownership sector","All establishment sizes",44,1775,25782358,0,0,279,14525,"",0.96,1.02,1.15,0.00,0.00,1.13,1.13,"N",0,0,0,0,0,0,0,0,0,0,0,0,0,0
"34007","5","453","75","0","1990","A","","Camden County, New Jersey","Private","Miscellaneous store retailers","County, NAICS 3-digit -- by ownership sector","All establishment sizes",221,1830,27149141,0,0,285,14834,"",1.03,1.33,1.30,0.00,0.00,0.98,0.98,"N",0,0,0,0,0,0,0,0,0,0,0,0,0,0
"34007","5","4531","76","0","1990","A","","Camden County, New Jersey","Private","Florists","County, NAICS 4-digit -- by ownership sector","All establishment sizes",46,341,3814818,0,0,215,11179,"",0.96,1.37,1.45,0.00,0.00,1.06,1.06,"N",0,0,0,0,0,0,0,0,0,0,0,0,0,0
"34007","5","45311","77","0","1990","A","","Camden County, New Jersey","Private","Florists","County, NAICS 5-digit -- by ownership sector","All establishment sizes",46,341,3814818,0,0,215,11179,"",0.96,1.37,1.45,0.00,0.00,1.06,1.06,"N",0,0,0,0,0,0,0,0,0,0,0,0,0,0
"34007","5","453110","78","0","1990","A","","Camden County, New Jersey","Private","Florists","County, NAICS 6-digit -- by ownership sector","All establishment sizes",46,341,3814818,0,0,215,11179,"",0.96,1.37,1.45,0.00,0.00,1.06,1.06,"N",0,0,0,0,0,0,0,0,0,0,0,0,0,0
"34007","5","4532","76","0","1990","A","","Camden County, New Jersey","Private","Office supplies, stationery, and gift stores","County, NAICS 4-digit -- by ownership sector","All establishment sizes",90,1047,16824644,0,0,309,16076,"",1.10,1.63,1.74,0.00,0.00,1.07,1.07,"N",0,0,0,0,0,0,0,0,0,0,0,0,0,0
"34007","5","45321","77","0","1990","A","","Camden County, New Jersey","Private","Office supplies and stationery stores","County, NAICS 5-digit -- by ownership sector","All establishment sizes",32,488,10871022,0,0,428,22265,"",1.33,1.82,1.87,0.00,0.00,1.03,1.03,"N",0,0,0,0,0,0,0,0,0,0,0,0,0,0
"34007","5","453210","78","0","1990","A","","Camden County, New Jersey","Private","Office supplies and stationery stores","County, NAICS 6-digit -- by ownership sector","All establishment sizes",32,488,10871022,0,0,428,22265,"",1.33,1.82,1.87,0.00,0.00,1.03,1.03,"N",0,0,0,0,0,0,0,0,0,0,0,0,0,0
"34007","5","45322","77","0","1990","A","","Camden County, New Jersey","Private","Gift, novelty, and souvenir stores","County, NAICS 5-digit -- by ownership sector","All establishment sizes",59,558,5953622,0,0,205,10663,"",1.03,1.50,1.55,0.00,0.00,1.04,1.03,"N",0,0,0,0,0,0,0,0,0,0,0,0,0,0
"34007","5","453220","78","0","1990","A","","Camden County, New Jersey","Private","Gift, novelty, and souvenir stores","County, NAICS 6-digit -- by ownership sector","All establishment sizes",59,558,5953622,0,0,205,10663,"",1.03,1.50,1.55,0.00,0.00,1.04,1.03,"N",0,0,0,0,0,0,0,0,0,0,0,0,0,0
"34007","5","4533","76","0","1990","A","","Camden County, New Jersey","Private","Used merchandise stores","County, NAICS 4-digit -- by ownership sector","All establishment sizes",9,30,219294,0,0,142,7392,"",0.46,0.28,0.16,0.00,0.00,0.58,0.58,"N",0,0,0,0,0,0,0,0,0,0,0,0,0,0
"34007","5","45331","77","0","1990","A","","Camden County, New Jersey","Private","Used merchandise stores","County, NAICS 5-digit -- by ownership sector","All establishment sizes",9,30,219294,0,0,142,7392,"",0.46,0.28,0.16,0.00,0.00,0.58,0.58,"N",0,0,0,0,0,0,0,0,0,0,0,0,0,0
"34007","5","453310","78","0","1990","A","","Camden County, New Jersey","Private","Used merchandise stores","County, NAICS 6-digit -- by ownership sector","All establishment sizes",9,30,219294,0,0,142,7392,"",0.46,0.28,0.16,0.00,0.00,0.58,0.58,"N",0,0,0,0,0,0,0,0,0,0,0,0,0,0
"34007","5","4539","76","0","1990","A","","Camden County, New Jersey","Private","Other miscellaneous store retailers","County, NAICS 4-digit -- by ownership sector","All establishment sizes",76,413,6290385,0,0,293,15243,"",1.17,1.07,0.86,0.00,0.00,0.80,0.80,"N",0,0,0,0,0,0,0,0,0,0,0,0,0,0
"34007","5","45391","77","0","1990","A","","Camden County, New Jersey","Private","Pet and pet supplies stores","County, NAICS 5-digit -- by ownership sector","All establishment sizes",14,50,710420,0,0,275,14280,"",1.38,0.68,0.54,0.00,0.00,0.80,0.80,"N",0,0,0,0,0,0,0,0,0,0,0,0,0,0
"34007","5","453910","78","0","1990","A","","Camden County, New Jersey","Private","Pet and pet supplies stores","County, NAICS 6-digit -- by ownership sector","All establishment sizes",14,50,710420,0,0,275,14280,"",1.38,0.68,0.54,0.00,0.00,0.80,0.80,"N",0,0,0,0,0,0,0,0,0,0,0,0,0,0
"34007","5","45399","77","0","1990","A","","Camden County, New Jersey","Private","All other miscellaneous store retailers","County, NAICS 5-digit -- by ownership sector","All establishment sizes",54,317,4900361,0,0,297,15459,"",1.51,1.52,1.27,0.00,0.00,0.84,0.84,"N",0,0,0,0,0,0,0,0,0,0,0,0,0,0
"34007","5","454","75","0","1990","A","","Camden County, New Jersey","Private","Nonstore retailers","County, NAICS 3-digit -- by ownership sector","All establishment sizes",69,1000,22917759,0,0,441,22910,"",1.22,1.15,1.30,0.00,0.00,1.14,1.13,"N",0,0,0,0,0,0,0,0,0,0,0,0,0,0
"34007","5","4541","76","0","1990","A","","Camden County, New Jersey","Private","Electronic shopping and mail-order houses","County, NAICS 4-digit -- by ownership sector","All establishment sizes",9,180,2986025,0,0,318,16558,"",0.83,0.59,0.47,0.00,0.00,0.80,0.80,"N",0,0,0,0,0,0,0,0,0,0,0,0,0,0
"34007","5","45411","77","0","1990","A","","Camden County, New Jersey","Private","Electronic shopping and mail-order houses","County, NAICS 5-digit -- by ownership sector","All establishment sizes",9,180,2986025,0,0,318,16558,"",0.83,0.59,0.47,0.00,0.00,0.80,0.80,"N",0,0,0,0,0,0,0,0,0,0,0,0,0,0
"34007","5","4542","76","0","1990","A","","Camden County, New Jersey","Private","Vending machine operators","County, NAICS 4-digit -- by ownership sector","All establishment sizes",12,275,5306563,0,0,371,19285,"",1.12,1.89,2.08,0.00,0.00,1.10,1.10,"N",0,0,0,0,0,0,0,0,0,0,0,0,0,0
"34007","5","45421","77","0","1990","A","","Camden County, New Jersey","Private","Vending machine operators","County, NAICS 5-digit -- by ownership sector","All establishment sizes",12,275,5306563,0,0,371,19285,"",1.12,1.89,2.08,0.00,0.00,1.10,1.10,"N",0,0,0,0,0,0,0,0,0,0,0,0,0,0
"34007","5","454210","78","0","1990","A","","Camden County, New Jersey","Private","Vending machine operators","County, NAICS 6-digit -- by ownership sector","All establishment sizes",12,275,5306563,0,0,371,19285,"",1.12,1.89,2.08,0.00,0.00,1.10,1.10,"N",0,0,0,0,0,0,0,0,0,0,0,0,0,0
"34007","5","4543","76","0","1990","A","","Camden County, New Jersey","Private","Direct selling establishments","County, NAICS 4-digit -- by ownership sector","All establishment sizes",49,545,14625171,0,0,516,26843,"",1.41,1.29,1.67,0.00,0.00,1.29,1.29,"N",0,0,0,0,0,0,0,0,0,0,0,0,0,0
"34007","5","45431","77","0","1990","A","","Camden County, New Jersey","Private","Fuel dealers","County, NAICS 5-digit -- by ownership sector","All establishment sizes",41,497,13499280,0,0,523,27175,"",1.76,2.16,2.37,0.00,0.00,1.10,1.10,"N",0,0,0,0,0,0,0,0,0,0,0,0,0,0
"34007","5","454311","78","0","1990","A","","Camden County, New Jersey","Private","Heating oil dealers","County, NAICS 6-digit -- by ownership sector","All establishment sizes",41,497,13499280,0,0,523,27175,"",3.52,3.84,3.99,0.00,0.00,1.04,1.04,"N",0,0,0,0,0,0,0,0,0,0,0,0,0,0
"34007","5","45439","77","0","1990","A","","Camden County, New Jersey","Private","Other direct selling establishments","County, NAICS 5-digit -- by ownership sector","All establishment sizes",8,48,1125891,0,0,450,23415,"",0.69,0.25,0.37,0.00,0.00,1.46,1.46,"N",0,0,0,0,0,0,0,0,0,0,0,0,0,0
"34007","5","454390","78","0","1990","A","","Camden County, New Jersey","Private","Other direct selling establishments","County, NAICS 6-digit -- by ownership sector","All establishment sizes",8,48,1125891,0,0,450,23415,"",0.69,0.25,0.37,0.00,0.00,1.46,1.46,"N",0,0,0,0,0,0,0,0,0,0,0,0,0,0
"34007","5","48-49","74","0","1990","A","","Camden County, New Jersey","Private","Transportation and warehousing","County, NAICS Sector -- by ownership sector","All establishment sizes",279,6366,148241871,0,0,448,23287,"",0.94,1.09,0.94,0.00,0.00,0.86,0.86,"N",0,0,0,0,0,0,0,0,0,0,0,0,0,0
"34007","5","484","75","0","1990","A","","Camden County, New Jersey","Private","Truck transportation","County, NAICS 3-digit -- by ownership sector","All establishment sizes",141,2503,67260468,0,0,517,26867,"",0.84,1.17,1.23,0.00,0.00,1.05,1.05,"N",0,0,0,0,0,0,0,0,0,0,0,0,0,0
"34007","5","4841","76","0","1990","A","","Camden County, New Jersey","Private","General freight trucking","County, NAICS 4-digit -- by ownership sector","All establishment sizes",96,1882,49930787,0,0,510,26527,"",1.00,1.26,1.26,0.00,0.00,1.00,1.00,"N",0,0,0,0,0,0,0,0,0,0,0,0,0,0
"34007","5","48411","77","0","1990","A","","Camden County, New Jersey","Private","General freight trucking, local","County, NAICS 5-digit -- by ownership sector","All establishment sizes",71,1289,35354149,0,0,527,27429,"",1.70,3.90,4.50,0.00,0.00,1.15,1.15,"N",0,0,0,0,0,0,0,0,0,0,0,0,0,0
"34007","5","484110","78","0","1990","A","","Camden County, New Jersey","Private","General freight trucking, local","County, NAICS 6-digit -- by ownership sector","All establishment sizes",71,1289,35354149,0,0,527,27429,"",1.70,3.90,4.50,0.00,0.00,1.15,1.15,"N",0,0,0,0,0,0,0,0,0,0,0,0,0,0
"34007","5","48412","77","0","1990","A","","Camden County, New Jersey","Private","General freight trucking, long-distance","County, NAICS 5-digit -- by ownership sector","All establishment sizes",25,593,14576638,0,0,472,24567,"",0.46,0.51,0.46,0.00,0.00,0.90,0.90,"N",0,0,0,0,0,0,0,0,0,0,0,0,0,0
"34007","5","484121","78","0","1990","A","","Camden County, New Jersey","Private","General freight trucking, long-distance tl","County, NAICS 6-digit -- by ownership sector","All establishment sizes",14,259,7600655,0,0,564,29318,"",0.33,0.35,0.39,0.00,0.00,1.13,1.13,"N",0,0,0,0,0,0,0,0,0,0,0,0,0,0
"34007","5","484122","78","0","1990","A","","Camden County, New Jersey","Private","General freight trucking, long-distance ltl","County, NAICS 6-digit -- by ownership sector","All establishment sizes",11,334,6975983,0,0,402,20881,"",0.95,0.79,0.56,0.00,0.00,0.71,0.71,"N",0,0,0,0,0,0,0,0,0,0,0,0,0,0
"34007","5","4842","76","0","1990","A","","Camden County, New Jersey","Private","Specialized freight trucking","County, NAICS 4-digit -- by ownership sector","All establishment sizes",45,621,17329681,0,0,537,27899,"",0.63,0.97,1.16,0.00,0.00,1.19,1.19,"N",0,0,0,0,0,0,0,0,0,0,0,0,0,0
"34007","5","48421","77","0","1990","A","","Camden County, New Jersey","Private","Used household and office goods moving","County, NAICS 5-digit -- by ownership sector","All establishment sizes",10,237,6035799,0,0,490,25476,"",0.74,1.24,1.50,0.00,0.00,1.20,1.20,"N",0,0,0,0,0,0,0,0,0,0,0,0,0,0
"34007","5","484210","78","0","1990","A","","Camden County, New Jersey","Private","Used household and office goods moving","County, NAICS 6-digit -- by ownership sector","All establishment sizes",10,237,6035799,0,0,490,25476,"",0.74,1.24,1.50,0.00,0.00,1.20,1.20,"N",0,0,0,0,0,0,0,0,0,0,0,0,0,0
"34007","5","485","75","0","1990","A","","Camden County, New Jersey","Private","Transit and ground passenger transportation","County, NAICS 3-digit -- by ownership sector","All establishment sizes",39,1272,15968071,0,0,241,12553,"",1.37,2.40,1.96,0.00,0.00,0.82,0.82,"N",0,0,0,0,0,0,0,0,0,0,0,0,0,0
"34007","5","4853","76","0","1990","A","","Camden County, New Jersey","Private","Taxi and limousine service","County, NAICS 4-digit -- by ownership sector","All establishment sizes",15,242,2964902,0,0,235,12239,"",1.19,2.12,1.82,0.00,0.00,0.85,0.86,"N",0,0,0,0,0,0,0,0,0,0,0,0,0,0
"34007","5","48532","77","0","1990","A","","Camden County, New Jersey","Private","Limousine service","County, NAICS 5-digit -- by ownership sector","All establishment sizes",11,113,917837,0,0,156,8099,"",1.91,2.04,1.07,0.00,0.00,0.53,0.52,"N",0,0,0,0,0,0,0,0,0,0,0,0,0,0
"34007","5","485320","78","0","1990","A","","Camden County, New Jersey","Private","Limousine service","County, NAICS 6-digit -- by ownership sector","All establishment sizes",11,113,917837,0,0,156,8099,"",1.91,2.04,1.07,0.00,0.00,0.53,0.52,"N",0,0,0,0,0,0,0,0,0,0,0,0,0,0
"34007","5","4854","76","0","1990","A","","Camden County, New Jersey","Private","School and employee bus transportation","County, NAICS 4-digit -- by ownership sector","All establishment sizes",12,799,8198198,0,0,197,10263,"",1.46,3.61,3.17,0.00,0.00,0.88,0.88,"N",0,0,0,0,0,0,0,0,0,0,0,0,0,0
"34007","5","48541","77","0","1990","A","","Camden County, New Jersey","Private","School and employee bus transportation","County, NAICS 5-digit -- by ownership sector","All establishment sizes",12,799,8198198,0,0,197,10263,"",1.46,3.61,3.17,0.00,0.00,0.88,0.88,"N",0,0,0,0,0,0,0,0,0,0,0,0,0,0
"34007","5","485410","78","0","1990","A","","Camden County, New Jersey","Private","School and employee bus transportation","County, NAICS 6-digit -- by ownership sector","All establishment sizes",12,799,8198198,0,0,197,10263,"",1.46,3.61,3.17,0.00,0.00,0.88,0.88,"N",0,0,0,0,0,0,0,0,0,0,0,0,0,0
"34007","5","488","75","0","1990","A","","Camden County, New Jersey","Private","Support activities for transportation","County, NAICS 3-digit -- by ownership sector","All establishment sizes",45,507,14238380,0,0,540,28088,"",0.91,0.73,0.76,0.00,0.00,1.05,1.05,"N",0,0,0,0,0,0,0,0,0,0,0,0,0,0
"34007","5","4883","76","0","1990","A","","Camden County, New Jersey","Private","Support activities for water transportation","County, NAICS 4-digit -- by ownership sector","All establishment sizes",11,250,8157055,0,0,629,32694,"",1.81,1.49,1.56,0.00,0.00,1.05,1.05,"N",0,0,0,0,0,0,0,0,0,0,0,0,0,0
"34007","5","48832","77","0","1990","A","","Camden County, New Jersey","Private","Marine cargo handling","County, NAICS 5-digit -- by ownership sector","All establishment sizes",5,149,4600769,0,0,595,30964,"",3.47,2.20,2.27,0.00,0.00,1.03,1.03,"N",0,0,0,0,0,0,0,0,0,0,0,0,0,0
"34007","5","488320","78","0","1990","A","","Camden County, New Jersey","Private","Marine cargo handling","County, NAICS 6-digit -- by ownership sector","All establishment sizes",5,149,4600769,0,0,595,30964,"",3.47,2.20,2.27,0.00,0.00,1.03,1.03,"N",0,0,0,0,0,0,0,0,0,0,0,0,0,0
"34007","5","4884","76","0","1990","A","","Camden County, New Jersey","Private","Support activities for road transportation","County, NAICS 4-digit -- by ownership sector","All establishment sizes",20,222,4893476,0,0,424,22068,"",1.71,2.62,2.97,0.00,0.00,1.13,1.13,"N",0,0,0,0,0,0,0,0,0,0,0,0,0,0
"34007","5","4922","76","0","1990","A","","Camden County, New Jersey","Private","Local messengers and local delivery","County, NAICS 4-digit -- by ownership sector","All establishment sizes",6,50,786586,0,0,303,15758,"",1.35,0.82,0.82,0.00,0.00,1.00,1.00,"N",0,0,0,0,0,0,0,0,0,0,0,0,0,0
"34007","5","49221","77","0","1990","A","","Camden County, New Jersey","Private","Local messengers and local delivery","County, NAICS 5-digit -- by ownership sector","All establishment sizes",6,50,786586,0,0,303,15758,"",1.35,0.82,0.82,0.00,0.00,1.00,1.00,"N",0,0,0,0,0,0,0,0,0,0,0,0,0,0
"34007","5","492210","78","0","1990","A","","Camden County, New Jersey","Private","Local messengers and local delivery","County, NAICS 6-digit -- by ownership sector","All establishment sizes",6,50,786586,0,0,303,15758,"",1.35,0.82,0.82,0.00,0.00,1.00,1.00,"N",0,0,0,0,0,0,0,0,0,0,0,0,0,0
"34007","5","493","75","0","1990","A","","Camden County, New Jersey","Private","Warehousing and storage","County, NAICS 3-digit -- by ownership sector","All establishment sizes",33,624,15096769,0,0,465,24190,"",1.91,1.05,1.04,0.00,0.00,0.99,0.99,"N",0,0,0,0,0,0,0,0,0,0,0,0,0,0
"34007","5","4931","76","0","1990","A","","Camden County, New Jersey","Private","Warehousing and storage","County, NAICS 4-digit -- by ownership sector","All establishment sizes",33,624,15096769,0,0,465,24190,"",1.91,1.05,1.04,0.00,0.00,0.99,0.99,"N",0,0,0,0,0,0,0,0,0,0,0,0,0,0
"34007","5","49311","77","0","1990","A","","Camden County, New Jersey","Private","General warehousing and storage","County, NAICS 5-digit -- by ownership sector","All establishment sizes",23,311,7778429,0,0,482,25045,"",2.44,0.74,0.76,0.00,0.00,1.03,1.03,"N",0,0,0,0,0,0,0,0,0,0,0,0,0,0
"34007","5","493110","78","0","1990","A","","Camden County, New Jersey","Private","General warehousing and storage","County, NAICS 6-digit -- by ownership sector","All establishment sizes",23,311,7778429,0,0,482,25045,"",2.44,0.74,0.76,0.00,0.00,1.03,1.03,"N",0,0,0,0,0,0,0,0,0,0,0,0,0,0
"34007","5","51","74","0","1990","A","","Camden County, New Jersey","Private","Information","County, NAICS Sector -- by ownership sector","All establishment sizes",124,4292,140996056,0,0,632,32849,"",0.79,0.84,0.83,0.00,0.00,0.99,0.99,"N",0,0,0,0,0,0,0,0,0,0,0,0,0,0
"34007","5","511","75","0","1990","A","","Camden County, New Jersey","Private","Publishing industries, except internet","County, NAICS 3-digit -- by ownership sector","All establishment sizes",37,1957,59364662,0,0,583,30332,"",0.72,1.21,1.21,0.00,0.00,1.00,1.00,"N",0,0,0,0,0,0,0,0,0,0,0,0,0,0
"34007","5","51112","77","0","1990","A","","Camden County, New Jersey","Private","Periodical publishers","County, NAICS 5-digit -- by ownership sector","All establishment sizes",10,275,11210764,0,0,785,40804,"",0.81,1.05,1.21,0.00,0.00,1.15,1.15,"N",0,0,0,0,0,0,0,0,0,0,0,0,0,0
"34007","5","511120","78","0","1990","A","","Camden County, New Jersey","Private","Periodical publishers","County, NAICS 6-digit -- by ownership sector","All establishment sizes",10,275,11210764,0,0,785,40804,"",0.81,1.05,1.21,0.00,0.00,1.15,1.15,"N",0,0,0,0,0,0,0,0,0,0,0,0,0,0
"34007","5","51114","77","0","1990","A","","Camden County, New Jersey","Private","Directory and mailing list publishers","County, NAICS 5-digit -- by ownership sector","All establishment sizes",7,374,8242305,0,0,424,22048,"",1.98,3.92,2.97,0.00,0.00,0.76,0.76,"N",0,0,0,0,0,0,0,0,0,0,0,0,0,0
"34007","5","511140","78","0","1990","A","","Camden County, New Jersey","Private","Directory and mailing list publishers","County, NAICS 6-digit -- by ownership sector","All establishment sizes",7,374,8242305,0,0,424,22048,"",1.98,3.92,2.97,0.00,0.00,0.76,0.76,"N",0,0,0,0,0,0,0,0,0,0,0,0,0,0
"34007","5","512","75","0","1990","A","","Camden County, New Jersey","Private","Motion picture and sound recording industries","County, NAICS 3-digit -- by ownership sector","All establishment sizes",30,388,6548864,0,0,324,16860,"",0.77,0.70,0.38,0.00,0.00,0.53,0.53,"N",0,0,0,0,0,0,0,0,0,0,0,0,0,0
"34007","5","51211","77","0","1990","A","","Camden County, New Jersey","Private","Motion picture and video production","County, NAICS 5-digit -- by ownership sector","All establishment sizes",11,53,1756999,0,0,643,33414,"",0.57,0.25,0.16,0.00,0.00,0.66,0.66,"N",0,0,0,0,0,0,0,0,0,0,0,0,0,0
"34007","5","512110","78","0","1990","A","","Camden County, New Jersey","Private","Motion picture and video production","County, NAICS 6-digit -- by ownership sector","All establishment sizes",11,53,1756999,0,0,643,33414,"",0.57,0.25,0.16,0.00,0.00,0.66,0.66,"N",0,0,0,0,0,0,0,0,0,0,0,0,0,0
"34007","5","51213","77","0","1990","A","","Camden County, New Jersey","Private","Motion picture and video exhibition","County, NAICS 5-digit -- by ownership sector","All establishment sizes",7,157,1289086,0,0,158,8233,"",0.80,0.77,0.80,0.00,0.00,1.04,1.05,"N",0,0,0,0,0,0,0,0,0,0,0,0,0,0
"34007","5","515","75","0","1990","A","","Camden County, New Jersey","Private","Broadcasting, except internet","County, NAICS 3-digit -- by ownership sector","All establishment sizes",3,14,215225,0,0,307,15943,"",0.18,0.03,0.01,0.00,0.00,0.50,0.50,"N",0,0,0,0,0,0,0,0,0,0,0,0,0,0
"34007","5","518","75","0","1990","A","","Camden County, New Jersey","Private","Data processing, hosting and related services","County, NAICS 3-digit -- by ownership sector","All establishment sizes",25,639,20377619,0,0,614,31907,"",1.61,1.28,1.32,0.00,0.00,1.03,1.03,"N",0,0,0,0,0,0,0,0,0,0,0,0,0,0
"34007","5","5181","76","0","1990","A","","Camden County, New Jersey","Private","Isps and web search portals","County, NAICS 4-digit -- by ownership sector","All establishment sizes",4,85,3136286,0,0,713,37079,"",1.75,1.53,1.61,0.00,0.00,1.06,1.06,"N",0,0,0,0,0,0,0,0,0,0,0,0,0,0
"34007","5","51811","77","0","1990","A","","Camden County, New Jersey","Private","Isps and web search portals","County, NAICS 5-digit -- by ownership sector","All establishment sizes",4,85,3136286,0,0,713,37079,"",1.75,1.53,1.61,0.00,0.00,1.06,1.06,"N",0,0,0,0,0,0,0,0,0,0,0,0,0,0
"34007","5","5182","76","0","1990","A","","Camden County, New Jersey","Private","Data processing, hosting and related services","County, NAICS 4-digit -- by ownership sector","All establishment sizes",21,554,17241333,0,0,598,31117,"",1.59,1.25,1.28,0.00,0.00,1.02,1.02,"N",0,0,0,0,0,0,0,0,0,0,0,0,0,0
"34007","5","51821","77","0","1990","A","","Camden County, New Jersey","Private","Data processing and related services","County, NAICS 5-digit -- by ownership sector","All establishment sizes",21,554,17241333,0,0,598,31117,"",1.59,1.25,1.28,0.00,0.00,1.02,1.02,"N",0,0,0,0,0,0,0,0,0,0,0,0,0,0
"34007","5","518210","78","0","1990","A","","Camden County, New Jersey","Private","Data processing, hosting and related services","County, NAICS 6-digit -- by ownership sector","All establishment sizes",21,554,17241333,0,0,598,31117,"",1.59,1.25,1.28,0.00,0.00,1.02,1.02,"N",0,0,0,0,0,0,0,0,0,0,0,0,0,0
"34007","5","52","74","0","1990","A","","Camden County, New Jersey","Private","Finance and insurance","County, NAICS Sector -- by ownership sector","All establishment sizes",487,9715,280965877,0,0,556,28920,"",0.98,1.04,0.92,0.00,0.00,0.89,0.89,"N",0,0,0,0,0,0,0,0,0,0,0,0,0,0
"34007","5","522","75","0","1990","A","","Camden County, New Jersey","Private","Credit intermediation and related activities","County, NAICS 3-digit -- by ownership sector","All establishment sizes",166,4806,120136206,0,0,481,24996,"",1.02,1.03,0.95,0.00,0.00,0.93,0.93,"N",0,0,0,0,0,0,0,0,0,0,0,0,0,0
"34007","5","5221","76","0","1990","A","","Camden County, New Jersey","Private","Depository credit intermediation","County, NAICS 4-digit -- by ownership sector","All establishment sizes",98,3044,64988384,0,0,411,21348,"",1.03,0.90,0.77,0.00,0.00,0.85,0.85,"N",0,0,0,0,0,0,0,0,0,0,0,0,0,0
"34007","5","52211","77","0","1990","A","","Camden County, New Jersey","Private","Commercial banking","County, NAICS 5-digit -- by ownership sector","All establishment sizes",62,2474,53367969,0,0,415,21570,"",1.34,1.09,0.90,0.00,0.00,0.83,0.83,"N",0,0,0,0,0,0,0,0,0,0,0,0,0,0
"34007","5","522110","78","0","1990","A","","Camden County, New Jersey","Private","Commercial banking","County, NAICS 6-digit -- by ownership sector","All establishment sizes",62,2474,53367969,0,0,415,21570,"",1.34,1.09,0.90,0.00,0.00,0.83,0.83,"N",0,0,0,0,0,0,0,0,0,0,0,0,0,0
"34007","5","52212","77","0","1990","A","","Camden County, New Jersey","Private","Savings institutions","County, NAICS 5-digit -- by ownership sector","All establishment sizes",31,520,10767522,0,0,398,20697,"",1.44,0.71,0.60,0.00,0.00,0.85,0.85,"N",0,0,0,0,0,0,0,0,0,0,0,0,0,0
"34007","5","522120","78","0","1990","A","","Camden County, New Jersey","Private","Savings institutions","County, NAICS 6-digit -- by ownership sector","All establishment sizes",31,520,10767522,0,0,398,20697,"",1.44,0.71,0.60,0.00,0.00,0.85,0.85,"N",0,0,0,0,0,0,0,0,0,0,0,0,0,0
"34007","5","52213","77","0","1990","A","","Camden County, New Jersey","Private","Credit unions","County, NAICS 5-digit -- by ownership sector","All establishment sizes",6,50,852893,0,0,329,17115,"",0.26,0.19,0.16,0.00,0.00,0.83,0.83,"N",0,0,0,0,0,0,0,0,0,0,0,0,0,0
"34007","5","522130","78","0","1990","A","","Camden County, New Jersey","Private","Credit unions","County, NAICS 6-digit -- by ownership sector","All establishment sizes",6,50,852893,0,0,329,17115,"",0.26,0.19,0.16,0.00,0.00,0.83,0.83,"N",0,0,0,0,0,0,0,0,0,0,0,0,0,0
"34007","5","5222","76","0","1990","A","","Camden County, New Jersey","Private","Nondepository credit intermediation","County, NAICS 4-digit -- by ownership sector","All establishment sizes",53,1293,37101207,0,0,552,28688,"",1.01,1.18,1.07,0.00,0.00,0.91,0.91,"N",0,0,0,0,0,0,0,0,0,0,0,0,0,0
"34007","5","52222","77","0","1990","A","","Camden County, New Jersey","Private","Sales financing","County, NAICS 5-digit -- by ownership sector","All establishment sizes",21,247,8585391,0,0,669,34782,"",1.89,1.43,1.41,0.00,0.00,0.98,0.98,"N",0,0,0,0,0,0,0,0,0,0,0,0,0,0
"34007","5","522220","78","0","1990","A","","Camden County, New Jersey","Private","Sales financing","County, NAICS 6-digit -- by ownership sector","All establishment sizes",21,247,8585391,0,0,669,34782,"",1.89,1.43,1.41,0.00,0.00,0.98,0.98,"N",0,0,0,0,0,0,0,0,0,0,0,0,0,0
"34007","5","52229","77","0","1990","A","","Camden County, New Jersey","Private","Other nondepository credit intermediation","County, NAICS 5-digit -- by ownership sector","All establishment sizes",32,1046,28515816,0,0,524,27251,"",0.82,2.38,2.03,0.00,0.00,0.85,0.85,"N",0,0,0,0,0,0,0,0,0,0,0,0,0,0
"34007","5","522291","78","0","1990","A","","Camden County, New Jersey","Private","Consumer lending","County, NAICS 6-digit -- by ownership sector","All establishment sizes",5,18,508345,0,0,548,28505,"",0.42,0.19,0.20,0.00,0.00,1.09,1.09,"N",0,0,0,0,0,0,0,0,0,0,0,0,0,0
"34007","5","522292","78","0","1990","A","","Camden County, New Jersey","Private","Real estate credit","County, NAICS 6-digit -- by ownership sector","All establishment sizes",27,1029,28007471,0,0,524,27229,"",1.72,4.59,3.77,0.00,0.00,0.82,0.82,"N",0,0,0,0,0,0,0,0,0,0,0,0,0,0
"34007","5","5223","76","0","1990","A","","Camden County, New Jersey","Private","Activities related to credit intermediation","County, NAICS 4-digit -- by ownership sector","All establishment sizes",16,469,18046615,0,0,741,38506,"",1.09,2.38,2.82,0.00,0.00,1.19,1.19,"N",0,0,0,0,0,0,0,0,0,0,0,0,0,0
"34007","5","523","75","0","1990","A","","Camden County, New Jersey","Private","Securities, commodity contracts, investments","County, NAICS 3-digit -- by ownership sector","All establishment sizes",37,336,16099652,0,0,923,47975,"",0.60,0.37,0.28,0.00,0.00,0.75,0.75,"N",0,0,0,0,0,0,0,0,0,0,0,0,0,0
"34007","5","5231","76","0","1990","A","","Camden County, New Jersey","Private","Securities and commodity contracts brokerage","County, NAICS 4-digit -- by ownership sector","All establishment sizes",19,268,13720907,0,0,983,51118,"",0.69,0.43,0.33,0.00,0.00,0.77,0.77,"N",0,0,0,0,0,0,0,0,0,0,0,0,0,0
"34007","5","52312","77","0","1990","A","","Camden County, New Jersey","Private","Securities brokerage","County, NAICS 5-digit -- by ownership sector","All establishment sizes",16,233,12242031,0,0,1010,52522,"",1.00,0.60,0.48,0.00,0.00,0.79,0.79,"N",0,0,0,0,0,0,0,0,0,0,0,0,0,0
"34007","5","523120","78","0","1990","A","","Camden County, New Jersey","Private","Securities brokerage","County, NAICS 6-digit -- by ownership sector","All establishment sizes",16,233,12242031,0,0,1010,52522,"",1.00,0.60,0.48,0.00,0.00,0.79,0.79,"N",0,0,0,0,0,0,0,0,0,0,0,0,0,0
"34007","5","5239","76","0","1990","A","","Camden County, New Jersey","Private","Other financial investment activities","County, NAICS 4-digit -- by ownership sector","All establishment sizes",18,67,2378745,0,0,681,35416,"",0.54,0.24,0.15,0.00,0.00,0.61,0.61,"N",0,0,0,0,0,0,0,0,0,0,0,0,0,0
"34007","5","52392","77","0","1990","A","","Camden County, New Jersey","Private","Portfolio management","County, NAICS 5-digit -- by ownership sector","All establishment sizes",8,40,1321633,0,0,630,32768,"",0.65,0.41,0.20,0.00,0.00,0.49,0.49,"N",0,0,0,0,0,0,0,0,0,0,0,0,0,0
"34007","5","523920","78","0","1990","A","","Camden County, New Jersey","Private","Portfolio management","County, NAICS 6-digit -- by ownership sector","All establishment sizes",8,40,1321633,0,0,630,32768,"",0.65,0.41,0.20,0.00,0.00,0.49,0.49,"N",0,0,0,0,0,0,0,0,0,0,0,0,0,0
"34007","5","52393","77","0","1990","A","","Camden County, New Jersey","Private","Investment advice","County, NAICS 5-digit -- by ownership sector","All establishment sizes",8,25,1001035,0,0,770,40041,"",1.08,0.46,0.24,0.00,0.00,0.53,0.53,"N",0,0,0,0,0,0,0,0,0,0,0,0,0,0
"34007","5","523930","78","0","1990","A","","Camden County, New Jersey","Private","Investment advice","County, NAICS 6-digit -- by ownership sector","All establishment sizes",8,25,1001035,0,0,770,40041,"",1.08,0.46,0.24,0.00,0.00,0.53,0.53,"N",0,0,0,0,0,0,0,0,0,0,0,0,0,0
"34007","5","524","75","0","1990","A","","Camden County, New Jersey","Private","Insurance carriers and related activities","County, NAICS 3-digit -- by ownership sector","All establishment sizes",276,4026,131752487,0,0,629,32727,"",1.03,1.13,1.16,0.00,0.00,1.03,1.03,"N",0,0,0,0,0,0,0,0,0,0,0,0,0,0
"34007","5","5241","76","0","1990","A","","Camden County, New Jersey","Private","Insurance carriers","County, NAICS 4-digit -- by ownership sector","All establishment sizes",55,2860,97472783,0,0,655,34077,"",0.97,1.24,1.31,0.00,0.00,1.06,1.06,"N",0,0,0,0,0,0,0,0,0,0,0,0,0,0
"34007","5","52412","77","0","1990","A","","Camden County, New Jersey","Private","Direct insurers, except life and health","County, NAICS 5-digit -- by ownership sector","All establishment sizes",38,2302,80200991,0,0,670,34835,"",1.18,2.26,2.38,0.00,0.00,1.05,1.05,"N",0,0,0,0,0,0,0,0,0,0,0,0,0,0
"34007","5","524126","78","0","1990","A","","Camden County, New Jersey","Private","Direct property and casualty insurers","County, NAICS 6-digit -- by ownership sector","All establishment sizes",20,2045,73731101,0,0,693,36051,"",0.83,2.32,2.49,0.00,0.00,1.07,1.07,"N",0,0,0,0,0,0,0,0,0,0,0,0,0,0
"34007","5","5242","76","0","1990","A","","Camden County, New Jersey","Private","Insurance agencies and brokerages","County, NAICS 4-digit -- by ownership sector","All establishment sizes",221,1165,34279704,0,0,566,29414,"",1.04,0.93,0.87,0.00,0.00,0.94,0.94,"N",0,0,0,0,0,0,0,0,0,0,0,0,0,0
"34007","5","52421","77","0","1990","A","","Camden County, New Jersey","Private","Insurance agencies and brokerages","County, NAICS 5-digit -- by ownership sector","All establishment sizes",184,895,28048251,0,0,603,31345,"",0.97,0.93,0.96,0.00,0.00,1.03,1.03,"N",0,0,0,0,0,0,0,0,0,0,0,0,0,0
"34007","5","524210","78","0","1990","A","","Camden County, New Jersey","Private","Insurance agencies and brokerages","County, NAICS 6-digit -- by ownership sector","All establishment sizes",184,895,28048251,0,0,603,31345,"",0.97,0.93,0.96,0.00,0.00,1.03,1.03,"N",0,0,0,0,0,0,0,0,0,0,0,0,0,0
"34007","5","52429","77","0","1990","A","","Camden County, New Jersey","Private","Other insurance related activities","County, NAICS 5-digit -- by ownership sector","All establishment sizes",37,271,6231453,0,0,443,23030,"",1.72,0.92,0.63,0.00,0.00,0.69,0.69,"N",0,0,0,0,0,0,0,0,0,0,0,0,0,0
"34007","5","524291","78","0","1990","A","","Camden County, New Jersey","Private","Claims adjusting","County, NAICS 6-digit -- by ownership sector","All establishment sizes",14,94,2243088,0,0,459,23884,"",1.66,1.10,0.83,0.00,0.00,0.75,0.75,"N",0,0,0,0,0,0,0,0,0,0,0,0,0,0
"34007","5","524292","78","0","1990","A","","Camden County, New Jersey","Private","Third party administration of insurance funds","County, NAICS 6-digit -- by ownership sector","All establishment sizes",12,75,1724268,0,0,445,23119,"",1.61,0.53,0.37,0.00,0.00,0.71,0.71,"N",0,0,0,0,0,0,0,0,0,0,0,0,0,0
"34007","5","524298","78","0","1990","A","","Camden County, New Jersey","Private","All other insurance related activities","County, NAICS 6-digit -- by ownership sector","All establishment sizes",11,102,2264097,0,0,427,22179,"",1.92,1.48,0.89,0.00,0.00,0.60,0.60,"N",0,0,0,0,0,0,0,0,0,0,0,0,0,0
"34007","5","53","74","0","1990","A","","Camden County, New Jersey","Private","Real estate and rental and leasing","County, NAICS Sector -- by ownership sector","All establishment sizes",423,3748,82597441,0,0,424,22041,"",0.89,1.17,1.18,0.00,0.00,1.01,1.01,"N",0,0,0,0,0,0,0,0,0,0,0,0,0,0
"34007","5","531","75","0","1990","A","","Camden County, New Jersey","Private","Real estate","County, NAICS 3-digit -- by ownership sector","All establishment sizes",302,2185,46228236,0,0,407,21162,"",0.82,1.01,0.97,0.00,0.00,0.96,0.96,"N",0,0,0,0,0,0,0,0,0,0,0,0,0,0
"34007","5","5311","76","0","1990","A","","Camden County, New Jersey","Private","Lessors of real estate","County, NAICS 4-digit -- by ownership sector","All establishment sizes",141,1245,21059851,0,0,325,16920,"",0.72,1.11,0.98,0.00,0.00,0.89,0.89,"N",0,0,0,0,0,0,0,0,0,0,0,0,0,0
"34007","5","53111","77","0","1990","A","","Camden County, New Jersey","Private","Lessors of residential buildings","County, NAICS 5-digit -- by ownership sector","All establishment sizes",94,725,11864013,0,0,315,16359,"",0.78,1.09,1.06,0.00,0.00,0.96,0.96,"N",0,0,0,0,0,0,0,0,0,0,0,0,0,0
"34007","5","531110","78","0","1990","A","","Camden County, New Jersey","Private","Lessors of residential buildings","County, NAICS 6-digit -- by ownership sector","All establishment sizes",94,725,11864013,0,0,315,16359,"",0.78,1.09,1.06,0.00,0.00,0.96,0.96,"N",0,0,0,0,0,0,0,0,0,0,0,0,0,0
"34007","5","53112","77","0","1990","A","","Camden County, New Jersey","Private","Lessors of nonresidential buildings","County, NAICS 5-digit -- by ownership sector","All establishment sizes",37,472,7898793,0,0,322,16735,"",0.76,1.41,1.00,0.00,0.00,0.71,0.71,"N",0,0,0,0,0,0,0,0,0,0,0,0,0,0
"34007","5","531120","78","0","1990","A","","Camden County, New Jersey","Private","Lessors of nonresidential buildings","County, NAICS 6-digit -- by ownership sector","All establishment sizes",37,472,7898793,0,0,322,16735,"",0.76,1.41,1.00,0.00,0.00,0.71,0.71,"N",0,0,0,0,0,0,0,0,0,0,0,0,0,0
"34007","5","5312","76","0","1990","A","","Camden County, New Jersey","Private","Offices of real estate agents and brokers","County, NAICS 4-digit -- by ownership sector","All establishment sizes",83,483,11670991,0,0,464,24147,"",0.84,1.11,1.02,0.00,0.00,0.92,0.92,"N",0,0,0,0,0,0,0,0,0,0,0,0,0,0
"34007","5","53121","77","0","1990","A","","Camden County, New Jersey","Private","Offices of real estate agents and brokers","County, NAICS 5-digit -- by ownership sector","All establishment sizes",83,483,11670991,0,0,464,24147,"",0.84,1.11,1.02,0.00,0.00,0.92,0.92,"N",0,0,0,0,0,0,0,0,0,0,0,0,0,0
"34007","5","531210","78","0","1990","A","","Camden County, New Jersey","Private","Offices of real estate agents and brokers","County, NAICS 6-digit -- by ownership sector","All establishment sizes",83,483,11670991,0,0,464,24147,"",0.84,1.11,1.02,0.00,0.00,0.92,0.92,"N",0,0,0,0,0,0,0,0,0,0,0,0,0,0
"34007","5","5313","76","0","1990","A","","Camden County, New Jersey","Private","Activities related to real estate","County, NAICS 4-digit -- by ownership sector","All establishment sizes",79,457,13497394,0,0,569,29567,"",1.07,0.77,0.91,0.00,0.00,1.19,1.19,"N",0,0,0,0,0,0,0,0,0,0,0,0,0,0
"34007","5","53131","77","0","1990","A","","Camden County, New Jersey","Private","Real estate property managers","County, NAICS 5-digit -- by ownership sector","All establishment sizes",50,345,10738242,0,0,598,31118,"",0.98,0.70,0.90,0.00,0.00,1.29,1.29,"N",0,0,0,0,0,0,0,0,0,0,0,0,0,0
"34007","5","531311","78","0","1990","A","","Camden County, New Jersey","Private","Residential property managers","County, NAICS 6-digit -- by ownership sector","All establishment sizes",26,256,8992854,0,0,675,35094,"",0.75,0.74,1.15,0.00,0.00,1.56,1.56,"N",0,0,0,0,0,0,0,0,0,0,0,0,0,0
"34007","5","531312","78","0","1990","A","","Camden County, New Jersey","Private","nonresidential property managers","County, NAICS 6-digit -- by ownership sector","All establishment sizes",23,89,1745388,0,0,378,19648,"",1.39,0.60,0.42,0.00,0.00,0.71,0.71,"N",0,0,0,0,0,0,0,0,0,0,0,0,0,0
"34007","5","5321","76","0","1990","A","","Camden County, New Jersey","Private","Automotive equipment rental and leasing","County, NAICS 4-digit -- by ownership sector","All establishment sizes",31,478,11706410,0,0,471,24495,"",1.70,1.54,1.71,0.00,0.00,1.12,1.12,"N",0,0,0,0,0,0,0,0,0,0,0,0,0,0
"34007","5","532111","78","0","1990","A","","Camden County, New Jersey","Private","Passenger car rental","County, NAICS 6-digit -- by ownership sector","All establishment sizes",11,134,2259633,0,0,324,16842,"",1.52,0.75,0.67,0.00,0.00,0.89,0.89,"N",0,0,0,0,0,0,0,0,0,0,0,0,0,0
"34007","5","5322","76","0","1990","A","","Camden County, New Jersey","Private","Consumer goods rental","County, NAICS 4-digit -- by ownership sector","All establishment sizes",47,541,11242952,0,0,400,20791,"",0.87,1.30,2.06,0.00,0.00,1.59,1.58,"N",0,0,0,0,0,0,0,0,0,0,0,0,0,0
"34007","5","53223","77","0","1990","A","","Camden County, New Jersey","Private","Video tape and disc rental","County, NAICS 5-digit -- by ownership sector","All establishment sizes",27,231,1948474,0,0,162,8435,"",0.76,0.94,0.96,0.00,0.00,1.03,1.03,"N",0,0,0,0,0,0,0,0,0,0,0,0,0,0
"34007","5","532230","78","0","1990","A","","Camden County, New Jersey","Private","Video tape and disc rental","County, NAICS 6-digit -- by ownership sector","All establishment sizes",27,231,1948474,0,0,162,8435,"",0.76,0.94,0.96,0.00,0.00,1.03,1.03,"N",0,0,0,0,0,0,0,0,0,0,0,0,0,0
"34007","5","53229","77","0","1990","A","","Camden County, New Jersey","Private","Other consumer goods rental","County, NAICS 5-digit -- by ownership sector","All establishment sizes",16,282,8835776,0,0,604,31388,"",1.53,2.73,3.92,0.00,0.00,1.44,1.44,"N",0,0,0,0,0,0,0,0,0,0,0,0,0,0
"34007","5","532291","78","0","1990","A","","Camden County, New Jersey","Private","Home health equipment rental","County, NAICS 6-digit -- by ownership sector","All establishment sizes",7,170,5361693,0,0,607,31555,"",1.83,4.10,5.22,0.00,0.00,1.27,1.27,"N",0,0,0,0,0,0,0,0,0,0,0,0,0,0
"34007","5","5324","76","0","1990","A","","Camden County, New Jersey","Private","Machinery and equipment rental and leasing","County, NAICS 4-digit -- by ownership sector","All establishment sizes",20,347,8851213,0,0,490,25477,"",1.17,2.06,1.70,0.00,0.00,0.83,0.83,"N",0,0,0,0,0,0,0,0,0,0,0,0,0,0
"34007","5","532412","78","0","1990","A","","Camden County, New Jersey","Private","Other heavy machinery rental and leasing","County, NAICS 6-digit -- by ownership sector","All establishment sizes",3,14,273519,0,0,385,20014,"",0.49,0.21,0.14,0.00,0.00,0.68,0.68,"N",0,0,0,0,0,0,0,0,0,0,0,0,0,0
"34007","5","53249","77","0","1990","A","","Camden County, New Jersey","Private","Other machinery rental and leasing","County, NAICS 5-digit -- by ownership sector","All establishment sizes",13,316,8048909,0,0,491,25512,"",2.57,6.31,5.89,0.00,0.00,0.94,0.94,"N",0,0,0,0,0,0,0,0,0,0,0,0,0,0
"34007","5","532490","78","0","1990","A","","Camden County, New Jersey","Private","Other machinery rental and leasing","County, NAICS 6-digit -- by ownership sector","All establishment sizes",13,316,8048909,0,0,491,25512,"",2.57,6.31,5.89,0.00,0.00,0.94,0.94,"N",0,0,0,0,0,0,0,0,0,0,0,0,0,0
"34007","5","54","74","0","1990","A","","Camden County, New Jersey","Private","Professional and technical services","County, NAICS Sector -- by ownership sector","All establishment sizes",1156,12950,471866346,0,0,701,36438,"",1.23,1.44,1.43,0.00,0.00,1.00,0.99,"N",0,0,0,0,0,0,0,0,0,0,0,0,0,0
"34007","5","541","75","0","1990","A","","Camden County, New Jersey","Private","Professional and technical services","County, NAICS 3-digit -- by ownership sector","All establishment sizes",1156,12950,471866346,0,0,701,36438,"",1.23,1.44,1.43,0.00,0.00,1.00,0.99,"N",0,0,0,0,0,0,0,0,0,0,0,0,0,0
"34007","5","5411","76","0","1990","A","","Camden County, New Jersey","Private","Legal services","County, NAICS 4-digit -- by ownership sector","All establishment sizes",388,2917,113154306,0,0,746,38790,"",1.47,1.63,1.54,0.00,0.00,0.95,0.95,"N",0,0,0,0,0,0,0,0,0,0,0,0,0,0
"34007","5","54111","77","0","1990","A","","Camden County, New Jersey","Private","Offices of lawyers","County, NAICS 5-digit -- by ownership sector","All establishment sizes",375,2776,108960963,0,0,755,39256,"",1.48,1.63,1.53,0.00,0.00,0.94,0.94,"N",0,0,0,0,0,0,0,0,0,0,0,0,0,0
"34007","5","541110","78","0","1990","A","","Camden County, New Jersey","Private","Offices of lawyers","County, NAICS 6-digit -- by ownership sector","All establishment sizes",375,2776,108960963,0,0,755,39256,"",1.48,1.63,1.53,0.00,0.00,0.94,0.94,"N",0,0,0,0,0,0,0,0,0,0,0,0,0,0
"34007","5","54119","77","0","1990","A","","Camden County, New Jersey","Private","Other legal services","County, NAICS 5-digit -- by ownership sector","All establishment sizes",13,141,4193343,0,0,570,29652,"",1.25,1.66,1.84,0.00,0.00,1.11,1.11,"N",0,0,0,0,0,0,0,0,0,0,0,0,0,0
"34007","5","5412","76","0","1990","A","","Camden County, New Jersey","Private","Accounting and bookkeeping services","County, NAICS 4-digit -- by ownership sector","All establishment sizes",167,1443,43236389,0,0,576,29954,"",1.07,1.05,1.04,0.00,0.00,0.99,0.99,"N",0,0,0,0,0,0,0,0,0,0,0,0,0,0
"34007","5","54121","77","0","1990","A","","Camden County, New Jersey","Private","Accounting and bookkeeping services","County, NAICS 5-digit -- by ownership sector","All establishment sizes",167,1443,43236389,0,0,576,29954,"",1.07,1.05,1.04,0.00,0.00,0.99,0.99,"N",0,0,0,0,0,0,0,0,0,0,0,0,0,0
"34007","5","541211","78","0","1990","A","","Camden County, New Jersey","Private","Offices of certified public accountants","County, NAICS 6-digit -- by ownership sector","All establishment sizes",100,724,23260463,0,0,618,32120,"",1.20,1.23,1.25,0.00,0.00,1.02,1.02,"N",0,0,0,0,0,0,0,0,0,0,0,0,0,0
"34007","5","541214","78","0","1990","A","","Camden County, New Jersey","Private","Payroll services","County, NAICS 6-digit -- by ownership sector","All establishment sizes",10,165,11222007,0,0,1311,68184,"",1.24,0.59,1.27,0.00,0.00,2.16,2.16,"N",0,0,0,0,0,0,0,0,0,0,0,0,0,0
"34007","5","541219","78","0","1990","A","","Camden County, New Jersey","Private","Other accounting services","County, NAICS 6-digit -- by ownership sector","All establishment sizes",50,461,7807456,0,0,326,16933,"",0.97,1.14,0.62,0.00,0.00,0.54,0.54,"N",0,0,0,0,0,0,0,0,0,0,0,0,0,0
"34007","5","5413","76","0","1990","A","","Camden County, New Jersey","Private","Architectural and engineering services","County, NAICS 4-digit -- by ownership sector","All establishment sizes",175,2786,103601392,0,0,715,37181,"",1.18,1.55,1.53,0.00,0.00,0.99,0.99,"N",0,0,0,0,0,0,0,0,0,0,0,0,0,0
"34007","5","54131","77","0","1990","A","","Camden County, New Jersey","Private","Architectural services","County, NAICS 5-digit -- by ownership sector","All establishment sizes",34,314,10915507,0,0,668,34726,"",1.03,1.24,1.14,0.00,0.00,0.92,0.92,"N",0,0,0,0,0,0,0,0,0,0,0,0,0,0
"34007","5","541310","78","0","1990","A","","Camden County, New Jersey","Private","Architectural services","County, NAICS 6-digit -- by ownership sector","All establishment sizes",34,314,10915507,0,0,668,34726,"",1.03,1.24,1.14,0.00,0.00,0.92,0.92,"N",0,0,0,0,0,0,0,0,0,0,0,0,0,0
"34007","5","54133","77","0","1990","A","","Camden County, New Jersey","Private","Engineering services","County, NAICS 5-digit -- by ownership sector","All establishment sizes",98,1963,78444201,0,0,768,39961,"",1.39,1.70,1.67,0.00,0.00,0.98,0.98,"N",0,0,0,0,0,0,0,0,0,0,0,0,0,0
"34007","5","541330","78","0","1990","A","","Camden County, New Jersey","Private","Engineering services","County, NAICS 6-digit -- by ownership sector","All establishment sizes",98,1963,78444201,0,0,768,39961,"",1.39,1.70,1.67,0.00,0.00,0.98,0.98,"N",0,0,0,0,0,0,0,0,0,0,0,0,0,0
"34007","5","54135","77","0","1990","A","","Camden County, New Jersey","Private","Building inspection services","County, NAICS 5-digit -- by ownership sector","All establishment sizes",5,11,187030,0,0,327,17003,"",1.17,0.43,0.34,0.00,0.00,0.80,0.80,"N",0,0,0,0,0,0,0,0,0,0,0,0,0,0
"34007","5","541350","78","0","1990","A","","Camden County, New Jersey","Private","Building inspection services","County, NAICS 6-digit -- by ownership sector","All establishment sizes",5,11,187030,0,0,327,17003,"",1.17,0.43,0.34,0.00,0.00,0.80,0.80,"N",0,0,0,0,0,0,0,0,0,0,0,0,0,0
"34007","5","54137","77","0","1990","A","","Camden County, New Jersey","Private","Other surveying and mapping services","County, NAICS 5-digit -- by ownership sector","All establishment sizes",12,226,6681699,0,0,568,29532,"",0.87,2.73,3.30,0.00,0.00,1.21,1.21,"N",0,0,0,0,0,0,0,0,0,0,0,0,0,0
"34007","5","541370","78","0","1990","A","","Camden County, New Jersey","Private","Other surveying and mapping services","County, NAICS 6-digit -- by ownership sector","All establishment sizes",12,226,6681699,0,0,568,29532,"",0.87,2.73,3.30,0.00,0.00,1.21,1.21,"N",0,0,0,0,0,0,0,0,0,0,0,0,0,0
"34007","5","54138","77","0","1990","A","","Camden County, New Jersey","Private","Testing laboratories","County, NAICS 5-digit -- by ownership sector","All establishment sizes",13,215,5602138,0,0,501,26056,"",1.26,1.17,0.92,0.00,0.00,0.79,0.79,"N",0,0,0,0,0,0,0,0,0,0,0,0,0,0
"34007","5","541380","78","0","1990","A","","Camden County, New Jersey","Private","Testing laboratories","County, NAICS 6-digit -- by ownership sector","All establishment sizes",13,215,5602138,0,0,501,26056,"",1.26,1.17,0.92,0.00,0.00,0.79,0.79,"N",0,0,0,0,0,0,0,0,0,0,0,0,0,0
"34007","5","5414","76","0","1990","A","","Camden County, New Jersey","Private","Specialized design services","County, NAICS 4-digit -- by ownership sector","All establishment sizes",45,357,7833270,0,0,422,21932,"",1.17,1.86,1.43,0.00,0.00,0.77,0.77,"N",0,0,0,0,0,0,0,0,0,0,0,0,0,0
"34007","5","54141","77","0","1990","A","","Camden County, New Jersey","Private","Interior design services","County, NAICS 5-digit -- by ownership sector","All establishment sizes",19,176,2068024,0,0,225,11722,"",1.30,2.63,1.28,0.00,0.00,0.49,0.49,"N",0,0,0,0,0,0,0,0,0,0,0,0,0,0
"34007","5","541410","78","0","1990","A","","Camden County, New Jersey","Private","Interior design services","County, NAICS 6-digit -- by ownership sector","All establishment sizes",19,176,2068024,0,0,225,11722,"",1.30,2.63,1.28,0.00,0.00,0.49,0.49,"N",0,0,0,0,0,0,0,0,0,0,0,0,0,0
"34007","5","54143","77","0","1990","A","","Camden County, New Jersey","Private","Graphic design services","County, NAICS 5-digit -- by ownership sector","All establishment sizes",18,101,4103054,0,0,781,40624,"",0.93,1.04,1.30,0.00,0.00,1.25,1.25,"N",0,0,0,0,0,0,0,0,0,0,0,0,0,0
"34007","5","541430","78","0","1990","A","","Camden County, New Jersey","Private","Graphic design services","County, NAICS 6-digit -- by ownership sector","All establishment sizes",18,101,4103054,0,0,781,40624,"",0.93,1.04,1.30,0.00,0.00,1.25,1.25,"N",0,0,0,0,0,0,0,0,0,0,0,0,0,0
"34007","5","5415","76","0","1990","A","","Camden County, New Jersey","Private","Computer systems design and related services","County, NAICS 4-digit -- by ownership sector","All establishment sizes",101,3017,137039851,0,0,874,45430,"",1.49,3.28,3.40,0.00,0.00,1.04,1.03,"N",0,0,0,0,0,0,0,0,0,0,0,0,0,0
"34007","5","54151","77","0","1990","A","","Camden County, New Jersey","Private","Computer systems design and related services","County, NAICS 5-digit -- by ownership sector","All establishment sizes",101,3017,137039851,0,0,874,45430,"",1.49,3.28,3.40,0.00,0.00,1.04,1.03,"N",0,0,0,0,0,0,0,0,0,0,0,0,0,0
"34007","5","541511","78","0","1990","A","","Camden County, New Jersey","Private","Custom computer programming services","County, NAICS 6-digit -- by ownership sector","All establishment sizes",33,2566,120168180,0,0,901,46828,"",1.15,6.85,7.38,0.00,0.00,1.08,1.08,"N",0,0,0,0,0,0,0,0,0,0,0,0,0,0
"34007","5","541512","78","0","1990","A","","Camden County, New Jersey","Private","Computer systems design services","County, NAICS 6-digit -- by ownership sector","All establishment sizes",52,379,14304200,0,0,725,37717,"",1.80,1.02,0.87,0.00,0.00,0.85,0.85,"N",0,0,0,0,0,0,0,0,0,0,0,0,0,0
"34007","5","5416","76","0","1990","A","","Camden County, New Jersey","Private","Management and technical consulting services","County, NAICS 4-digit -- by ownership sector","All establishment sizes",134,829,30227137,0,0,701,36459,"",1.32,1.24,1.12,0.00,0.00,0.90,0.90,"N",0,0,0,0,0,0,0,0,0,0,0,0,0,0
"34007","5","54161","77","0","1990","A","","Camden County, New Jersey","Private","Management consulting services","County, NAICS 5-digit -- by ownership sector","All establishment sizes",117,650,23374836,0,0,692,35989,"",1.31,1.12,0.98,0.00,0.00,0.88,0.88,"N",0,0,0,0,0,0,0,0,0,0,0,0,0,0
"34007","5","541611","78","0","1990","A","","Camden County, New Jersey","Private","Administrative management consulting services","County, NAICS 6-digit -- by ownership sector","All establishment sizes",41,230,9736282,0,0,813,42286,"",1.17,1.10,1.01,0.00,0.00,0.92,0.92,"N",0,0,0,0,0,0,0,0,0,0,0,0,0,0
"34007","5","541612","78","0","1990","A","","Camden County, New Jersey","Private","Human resources consulting services","County, NAICS 6-digit -- by ownership sector","All establishment sizes",32,209,5938568,0,0,546,28414,"",1.74,1.37,1.18,0.00,0.00,0.86,0.86,"N",0,0,0,0,0,0,0,0,0,0,0,0,0,0
"34007","5","541613","78","0","1990","A","","Camden County, New Jersey","Private","Marketing consulting services","County, NAICS 6-digit -- by ownership sector","All establishment sizes",16,59,2363373,0,0,765,39776,"",1.29,0.85,0.73,0.00,0.00,0.86,0.86,"N",0,0,0,0,0,0,0,0,0,0,0,0,0,0
"34007","5","541614","78","0","1990","A","","Camden County, New Jersey","Private","Process and logistics consulting services","County, NAICS 6-digit -- by ownership sector","All establishment sizes",9,27,751104,0,0,528,27479,"",1.15,0.36,0.26,0.00,0.00,0.71,0.71,"N",0,0,0,0,0,0,0,0,0,0,0,0,0,0
"34007","5","541618","78","0","1990","A","","Camden County, New Jersey","Private","Other management consulting services","County, NAICS 6-digit -- by ownership sector","All establishment sizes",20,124,4585509,0,0,714,37130,"",1.28,1.63,1.47,0.00,0.00,0.90,0.90,"N",0,0,0,0,0,0,0,0,0,0,0,0,0,0
"34007","5","54162","77","0","1990","A","","Camden County, New Jersey","Private","Environmental consulting services","County, NAICS 5-digit -- by ownership sector","All establishment sizes",7,57,3306539,0,0,1119,58180,"",1.23,1.17,1.84,0.00,0.00,1.58,1.58,"N",0,0,0,0,0,0,0,0,0,0,0,0,0,0
"34007","5","541620","78","0","1990","A","","Camden County, New Jersey","Private","Environmental consulting services","County, NAICS 6-digit -- by ownership sector","All establishment sizes",7,57,3306539,0,0,1119,58180,"",1.23,1.17,1.84,0.00,0.00,1.58,1.58,"N",0,0,0,0,0,0,0,0,0,0,0,0,0,0
"34007","5","54169","77","0","1990","A","","Camden County, New Jersey","Private","Other technical consulting services","County, NAICS 5-digit -- by ownership sector","All establishment sizes",11,123,3545762,0,0,556,28886,"",1.63,3.58,2.94,0.00,0.00,0.82,0.82,"N",0,0,0,0,0,0,0,0,0,0,0,0,0,0
"34007","5","541690","78","0","1990","A","","Camden County, New Jersey","Private","Other technical consulting services","County, NAICS 6-digit -- by ownership sector","All establishment sizes",11,123,3545762,0,0,556,28886,"",1.63,3.58,2.94,0.00,0.00,0.82,0.82,"N",0,0,0,0,0,0,0,0,0,0,0,0,0,0
"34007","5","5417","76","0","1990","A","","Camden County, New Jersey","Private","Scientific research and development services","County, NAICS 4-digit -- by ownership sector","All establishment sizes",9,121,4289643,0,0,684,35574,"",0.39,0.14,0.12,0.00,0.00,0.86,0.86,"N",0,0,0,0,0,0,0,0,0,0,0,0,0,0
"34007","5","54171","77","0","1990","A","","Camden County, New Jersey","Private","Physical, engineering and biological research","County, NAICS 5-digit -- by ownership sector","All establishment sizes",8,108,3207123,0,0,573,29788,"",0.51,0.14,0.10,0.00,0.00,0.69,0.69,"N",0,0,0,0,0,0,0,0,0,0,0,0,0,0
"34007","5","541710","78","0","1990","A","","Camden County, New Jersey","Private","Physical, engineering and biological research","County, NAICS 6-digit -- by ownership sector","All establishment sizes",8,108,3207123,0,0,573,29788,"",0.51,0.14,0.10,0.00,0.00,0.69,0.69,"N",0,0,0,0,0,0,0,0,0,0,0,0,0,0
"34007","5","5418","76","0","1990","A","","Camden County, New Jersey","Private","Advertising, pr, and related services","County, NAICS 4-digit -- by ownership sector","All establishment sizes",74,832,16960767,0,0,392,20390,"",1.12,1.11,0.67,0.00,0.00,0.60,0.60,"N",0,0,0,0,0,0,0,0,0,0,0,0,0,0
"34007","5","54181","77","0","1990","A","","Camden County, New Jersey","Private","Advertising agencies","County, NAICS 5-digit -- by ownership sector","All establishment sizes",29,215,6067859,0,0,544,28277,"",1.04,0.71,0.48,0.00,0.00,0.67,0.67,"N",0,0,0,0,0,0,0,0,0,0,0,0,0,0
"34007","5","541810","78","0","1990","A","","Camden County, New Jersey","Private","Advertising agencies","County, NAICS 6-digit -- by ownership sector","All establishment sizes",29,215,6067859,0,0,544,28277,"",1.04,0.71,0.48,0.00,0.00,0.67,0.67,"N",0,0,0,0,0,0,0,0,0,0,0,0,0,0
"34007","5","54184","77","0","1990","A","","Camden County, New Jersey","Private","Media representatives","County, NAICS 5-digit -- by ownership sector","All establishment sizes",6,20,756159,0,0,730,37966,"",1.46,0.38,0.36,0.00,0.00,0.96,0.96,"N",0,0,0,0,0,0,0,0,0,0,0,0,0,0
"34007","5","541840","78","0","1990","A","","Camden County, New Jersey","Private","Media representatives","County, NAICS 6-digit -- by ownership sector","All establishment sizes",6,20,756159,0,0,730,37966,"",1.46,0.38,0.36,0.00,0.00,0.96,0.96,"N",0,0,0,0,0,0,0,0,0,0,0,0,0,0
"34007","5","54186","77","0","1990","A","","Camden County, New Jersey","Private","Direct mail advertising","County, NAICS 5-digit -- by ownership sector","All establishment sizes",10,303,4679267,0,0,297,15439,"",2.04,2.19,1.58,0.00,0.00,0.72,0.72,"N",0,0,0,0,0,0,0,0,0,0,0,0,0,0
"34007","5","541860","78","0","1990","A","","Camden County, New Jersey","Private","Direct mail advertising","County, NAICS 6-digit -- by ownership sector","All establishment sizes",10,303,4679267,0,0,297,15439,"",2.04,2.19,1.58,0.00,0.00,0.72,0.72,"N",0,0,0,0,0,0,0,0,0,0,0,0,0,0
"34007","5","54189","77","0","1990","A","","Camden County, New Jersey","Private","Other services related to advertising","County, NAICS 5-digit -- by ownership sector","All establishment sizes",15,179,3529631,0,0,379,19691,"",1.21,1.89,1.63,0.00,0.00,0.86,0.86,"N",0,0,0,0,0,0,0,0,0,0,0,0,0,0
"34007","5","541890","78","0","1990","A","","Camden County, New Jersey","Private","Other services related to advertising","County, NAICS 6-digit -- by ownership sector","All establishment sizes",15,179,3529631,0,0,379,19691,"",1.21,1.89,1.63,0.00,0.00,0.86,0.86,"N",0,0,0,0,0,0,0,0,0,0,0,0,0,0
"34007","5","5419","76","0","1990","A","","Camden County, New Jersey","Private","Other professional and technical services","County, NAICS 4-digit -- by ownership sector","All establishment sizes",62,648,15523591,0,0,461,23962,"",0.83,1.06,1.34,0.00,0.00,1.27,1.27,"N",0,0,0,0,0,0,0,0,0,0,0,0,0,0
"34007","5","54191","77","0","1990","A","","Camden County, New Jersey","Private","Marketing research and public opinion polling","County, NAICS 5-digit -- by ownership sector","All establishment sizes",7,188,4624775,0,0,472,24556,"",0.94,1.07,1.14,0.00,0.00,1.06,1.06,"N",0,0,0,0,0,0,0,0,0,0,0,0,0,0
"34007","5","541910","78","0","1990","A","","Camden County, New Jersey","Private","Marketing research and public opinion polling","County, NAICS 6-digit -- by ownership sector","All establishment sizes",7,188,4624775,0,0,472,24556,"",0.94,1.07,1.14,0.00,0.00,1.06,1.06,"N",0,0,0,0,0,0,0,0,0,0,0,0,0,0
"34007","5","54192","77","0","1990","A","","Camden County, New Jersey","Private","Photographic services","County, NAICS 5-digit -- by ownership sector","All establishment sizes",20,119,1723796,0,0,280,14537,"",0.86,0.82,0.76,0.00,0.00,0.93,0.93,"N",0,0,0,0,0,0,0,0,0,0,0,0,0,0
"34007","5","54193","77","0","1990","A","","Camden County, New Jersey","Private","Translation and interpretation services","County, NAICS 5-digit -- by ownership sector","All establishment sizes",4,30,808258,0,0,522,27168,"",3.07,4.11,5.41,0.00,0.00,1.33,1.33,"N",0,0,0,0,0,0,0,0,0,0,0,0,0,0
"34007","5","541930","78","0","1990","A","","Camden County, New Jersey","Private","Translation and interpretation services","County, NAICS 6-digit -- by ownership sector","All establishment sizes",4,30,808258,0,0,522,27168,"",3.07,4.11,5.41,0.00,0.00,1.33,1.33,"N",0,0,0,0,0,0,0,0,0,0,0,0,0,0
"34007","5","55","74","0","1990","A","","Camden County, New Jersey","Private","Management of companies and enterprises","County, NAICS Sector -- by ownership sector","All establishment sizes",36,1085,32191023,0,0,571,29681,"",1.09,0.57,0.41,0.00,0.00,0.72,0.72,"N",0,0,0,0,0,0,0,0,0,0,0,0,0,0
"34007","5","551","75","0","1990","A","","Camden County, New Jersey","Private","Management of companies and enterprises","County, NAICS 3-digit -- by ownership sector","All establishment sizes",36,1085,32191023,0,0,571,29681,"",1.09,0.57,0.41,0.00,0.00,0.72,0.72,"N",0,0,0,0,0,0,0,0,0,0,0,0,0,0
"34007","5","5511","76","0","1990","A","","Camden County, New Jersey","Private","Management of companies and enterprises","County, NAICS 4-digit -- by ownership sector","All establishment sizes",36,1085,32191023,0,0,571,29681,"",1.09,0.57,0.41,0.00,0.00,0.72,0.72,"N",0,0,0,0,0,0,0,0,0,0,0,0,0,0
"34007","5","55111","77","0","1990","A","","Camden County, New Jersey","Private","Management of companies and enterprises","County, NAICS 5-digit -- by ownership sector","All establishment sizes",36,1085,32191023,0,0,571,29681,"",1.09,0.57,0.41,0.00,0.00,0.72,0.72,"N",0,0,0,0,0,0,0,0,0,0,0,0,0,0
"34007","5","551114","78","0","1990","A","","Camden County, New Jersey","Private","Managing offices","County, NAICS 6-digit -- by ownership sector","All establishment sizes",24,846,23663016,0,0,538,27970,"",1.28,0.50,0.35,0.00,0.00,0.71,0.71,"N",0,0,0,0,0,0,0,0,0,0,0,0,0,0
"34007","5","56","74","0","1990","A","","Camden County, New Jersey","Private","Administrative and waste services","County, NAICS Sector -- by ownership sector","All establishment sizes",635,11629,193634404,0,0,320,16651,"",1.29,1.38,1.37,0.00,0.00,0.99,0.99,"N",0,0,0,0,0,0,0,0,0,0,0,0,0,0
"34007","5","561","75","0","1990","A","","Camden County, New Jersey","Private","Administrative and support services","County, NAICS 3-digit -- by ownership sector","All establishment sizes",586,11238,183402477,0,0,314,16319,"",1.27,1.42,1.45,0.00,0.00,1.02,1.02,"N",0,0,0,0,0,0,0,0,0,0,0,0,0,0
"34007","5","5611","76","0","1990","A","","Camden County, New Jersey","Private","Office administrative services","County, NAICS 4-digit -- by ownership sector","All establishment sizes",66,742,27754757,0,0,719,37410,"",1.80,2.38,2.29,0.00,0.00,0.96,0.96,"N",0,0,0,0,0,0,0,0,0,0,0,0,0,0
"34007","5","56111","77","0","1990","A","","Camden County, New Jersey","Private","Office administrative services","County, NAICS 5-digit -- by ownership sector","All establishment sizes",66,742,27754757,0,0,719,37410,"",1.80,2.38,2.29,0.00,0.00,0.96,0.96,"N",0,0,0,0,0,0,0,0,0,0,0,0,0,0
"34007","5","561110","78","0","1990","A","","Camden County, New Jersey","Private","Office administrative services","County, NAICS 6-digit -- by ownership sector","All establishment sizes",66,742,27754757,0,0,719,37410,"",1.80,2.38,2.29,0.00,0.00,0.96,0.96,"N",0,0,0,0,0,0,0,0,0,0,0,0,0,0
"34007","5","5613","76","0","1990","A","","Camden County, New Jersey","Private","Employment services","County, NAICS 4-digit -- by ownership sector","All establishment sizes",60,4278,61169972,0,0,275,14298,"",1.28,1.55,1.62,0.00,0.00,1.04,1.04,"N",0,0,0,0,0,0,0,0,0,0,0,0,0,0
"34007","5","56131","77","0","1990","A","","Camden County, New Jersey","Private","Employment placement and executive search","County, NAICS 5-digit -- by ownership sector","All establishment sizes",20,474,9378268,0,0,381,19796,"",1.40,1.53,1.71,0.00,0.00,1.12,1.12,"N",0,0,0,0,0,0,0,0,0,0,0,0,0,0
"34007","5","561310","78","0","1990","A","","Camden County, New Jersey","Private","Employment placement agencies","County, NAICS 6-digit -- by ownership sector","All establishment sizes",20,474,9378268,0,0,381,19796,"",1.40,1.53,1.71,0.00,0.00,1.12,1.12,"N",0,0,0,0,0,0,0,0,0,0,0,0,0,0
"34007","5","56132","77","0","1990","A","","Camden County, New Jersey","Private","Temporary help services","County, NAICS 5-digit -- by ownership sector","All establishment sizes",38,3784,51646547,0,0,262,13650,"",1.49,1.80,1.88,0.00,0.00,1.04,1.05,"N",0,0,0,0,0,0,0,0,0,0,0,0,0,0
"34007","5","561320","78","0","1990","A","","Camden County, New Jersey","Private","Temporary help services","County, NAICS 6-digit -- by ownership sector","All establishment sizes",38,3784,51646547,0,0,262,13650,"",1.49,1.80,1.88,0.00,0.00,1.04,1.05,"N",0,0,0,0,0,0,0,0,0,0,0,0,0,0
"34007","5","5614","76","0","1990","A","","Camden County, New Jersey","Private","Business support services","County, NAICS 4-digit -- by ownership sector","All establishment sizes",68,2435,34339405,0,0,271,14105,"",1.30,3.36,2.27,0.00,0.00,0.68,0.68,"N",0,0,0,0,0,0,0,0,0,0,0,0,0,0
"34007","5","56142","77","0","1990","A","","Camden County, New Jersey","Private","Telephone call centers","County, NAICS 5-digit -- by ownership sector","All establishment sizes",12,552,4361566,0,0,152,7900,"",1.49,2.27,1.15,0.00,0.00,0.51,0.51,"N",0,0,0,0,0,0,0,0,0,0,0,0,0,0
"34007","5","561421","78","0","1990","A","","Camden County, New Jersey","Private","Telephone answering services","County, NAICS 6-digit -- by ownership sector","All establishment sizes",7,156,1173945,0,0,145,7525,"",1.72,2.72,1.24,0.00,0.00,0.46,0.46,"N",0,0,0,0,0,0,0,0,0,0,0,0,0,0
"34007","5","56144","77","0","1990","A","","Camden County, New Jersey","Private","Collection agencies","County, NAICS 5-digit -- by ownership sector","All establishment sizes",15,687,10372715,0,0,290,15091,"",1.42,5.02,3.16,0.00,0.00,0.63,0.63,"N",0,0,0,0,0,0,0,0,0,0,0,0,0,0
"34007","5","561440","78","0","1990","A","","Camden County, New Jersey","Private","Collection agencies","County, NAICS 6-digit -- by ownership sector","All establishment sizes",15,687,10372715,0,0,290,15091,"",1.42,5.02,3.16,0.00,0.00,0.63,0.63,"N",0,0,0,0,0,0,0,0,0,0,0,0,0,0
"34007","5","56149","77","0","1990","A","","Camden County, New Jersey","Private","Other business support services","County, NAICS 5-digit -- by ownership sector","All establishment sizes",19,610,8806220,0,0,278,14431,"",1.52,5.08,2.97,0.00,0.00,0.59,0.58,"N",0,0,0,0,0,0,0,0,0,0,0,0,0,0
"34007","5","5615","76","0","1990","A","","Camden County, New Jersey","Private","Travel arrangement and reservation services","County, NAICS 4-digit -- by ownership sector","All establishment sizes",57,445,8426053,0,0,364,18938,"",1.04,1.03,0.96,0.00,0.00,0.93,0.93,"N",0,0,0,0,0,0,0,0,0,0,0,0,0,0
"34007","5","5616","76","0","1990","A","","Camden County, New Jersey","Private","Investigation and security services","County, NAICS 4-digit -- by ownership sector","All establishment sizes",36,516,10410093,0,0,388,20184,"",1.13,0.53,0.78,0.00,0.00,1.48,1.48,"N",0,0,0,0,0,0,0,0,0,0,0,0,0,0
"34007","5","56161","77","0","1990","A","","Camden County, New Jersey","Private","Security and armored car services","County, NAICS 5-digit -- by ownership sector","All establishment sizes",19,339,5328578,0,0,302,15726,"",0.97,0.40,0.52,0.00,0.00,1.31,1.31,"N",0,0,0,0,0,0,0,0,0,0,0,0,0,0
"34007","5","56162","77","0","1990","A","","Camden County, New Jersey","Private","Security systems services","County, NAICS 5-digit -- by ownership sector","All establishment sizes",17,177,5081515,0,0,552,28723,"",1.38,1.41,1.65,0.00,0.00,1.17,1.17,"N",0,0,0,0,0,0,0,0,0,0,0,0,0,0
"34007","5","5617","76","0","1990","A","","Camden County, New Jersey","Private","Services to buildings and dwellings","County, NAICS 4-digit -- by ownership sector","All establishment sizes",281,2501,37445826,0,0,288,14970,"",1.35,1.15,1.33,0.00,0.00,1.16,1.16,"N",0,0,0,0,0,0,0,0,0,0,0,0,0,0
"34007","5","56171","77","0","1990","A","","Camden County, New Jersey","Private","Exterminating and pest control services","County, NAICS 5-digit -- by ownership sector","All establishment sizes",27,231,4896165,0,0,408,21211,"",1.77,1.97,2.02,0.00,0.00,1.03,1.03,"N",0,0,0,0,0,0,0,0,0,0,0,0,0,0
"34007","5","561710","78","0","1990","A","","Camden County, New Jersey","Private","Exterminating and pest control services","County, NAICS 6-digit -- by ownership sector","All establishment sizes",27,231,4896165,0,0,408,21211,"",1.77,1.97,2.02,0.00,0.00,1.03,1.03,"N",0,0,0,0,0,0,0,0,0,0,0,0,0,0
"34007","5","56172","77","0","1990","A","","Camden County, New Jersey","Private","Janitorial services","County, NAICS 5-digit -- by ownership sector","All establishment sizes",93,1539,19891821,0,0,249,12927,"",1.29,1.16,1.41,0.00,0.00,1.22,1.22,"N",0,0,0,0,0,0,0,0,0,0,0,0,0,0
"34007","5","561720","78","0","1990","A","","Camden County, New Jersey","Private","Janitorial services","County, NAICS 6-digit -- by ownership sector","All establishment sizes",93,1539,19891821,0,0,249,12927,"",1.29,1.16,1.41,0.00,0.00,1.22,1.22,"N",0,0,0,0,0,0,0,0,0,0,0,0,0,0
"34007","5","56173","77","0","1990","A","","Camden County, New Jersey","Private","Landscaping services","County, NAICS 5-digit -- by ownership sector","All establishment sizes",127,532,9049657,0,0,327,17003,"",1.36,0.95,1.00,0.00,0.00,1.06,1.06,"N",0,0,0,0,0,0,0,0,0,0,0,0,0,0
"34007","5","561730","78","0","1990","A","","Camden County, New Jersey","Private","Landscaping services","County, NAICS 6-digit -- by ownership sector","All establishment sizes",127,532,9049657,0,0,327,17003,"",1.36,0.95,1.00,0.00,0.00,1.06,1.06,"N",0,0,0,0,0,0,0,0,0,0,0,0,0,0
"34007","5","56174","77","0","1990","A","","Camden County, New Jersey","Private","Carpet and upholstery cleaning services","County, NAICS 5-digit -- by ownership sector","All establishment sizes",13,92,1328405,0,0,277,14400,"",1.03,1.39,1.46,0.00,0.00,1.05,1.05,"N",0,0,0,0,0,0,0,0,0,0,0,0,0,0
"34007","5","561740","78","0","1990","A","","Camden County, New Jersey","Private","Carpet and upholstery cleaning services","County, NAICS 6-digit -- by ownership sector","All establishment sizes",13,92,1328405,0,0,277,14400,"",1.03,1.39,1.46,0.00,0.00,1.05,1.05,"N",0,0,0,0,0,0,0,0,0,0,0,0,0,0
"34007","5","56179","77","0","1990","A","","Camden County, New Jersey","Private","Other services to buildings and dwellings","County, NAICS 5-digit -- by ownership sector","All establishment sizes",22,107,2279778,0,0,409,21273,"",1.43,0.99,1.30,0.00,0.00,1.31,1.31,"N",0,0,0,0,0,0,0,0,0,0,0,0,0,0
"34007","5","561790","78","0","1990","A","","Camden County, New Jersey","Private","Other services to buildings and dwellings","County, NAICS 6-digit -- by ownership sector","All establishment sizes",22,107,2279778,0,0,409,21273,"",1.43,0.99,1.30,0.00,0.00,1.31,1.31,"N",0,0,0,0,0,0,0,0,0,0,0,0,0,0
"34007","5","56199","77","0","1990","A","","Camden County, New Jersey","Private","All other support services","County, NAICS 5-digit -- by ownership sector","All establishment sizes",10,171,2330862,0,0,263,13657,"",0.52,0.64,0.44,0.00,0.00,0.69,0.69,"N",0,0,0,0,0,0,0,0,0,0,0,0,0,0
"34007","5","561990","78","0","1990","A","","Camden County, New Jersey","Private","All other support services","County, NAICS 6-digit -- by ownership sector","All establishment sizes",10,171,2330862,0,0,263,13657,"",0.52,0.64,0.44,0.00,0.00,0.69,0.69,"N",0,0,0,0,0,0,0,0,0,0,0,0,0,0
"34007","5","562","75","0","1990","A","","Camden County, New Jersey","Private","Waste management and remediation services","County, NAICS 3-digit -- by ownership sector","All establishment sizes",49,391,10231927,0,0,503,26174,"",1.45,0.77,0.68,0.00,0.00,0.88,0.88,"N",0,0,0,0,0,0,0,0,0,0,0,0,0,0
"34007","5","5621","76","0","1990","A","","Camden County, New Jersey","Private","Waste collection","County, NAICS 4-digit -- by ownership sector","All establishment sizes",17,145,3622696,0,0,481,25027,"",1.27,0.86,0.82,0.00,0.00,0.95,0.95,"N",0,0,0,0,0,0,0,0,0,0,0,0,0,0
"34007","5","56211","77","0","1990","A","","Camden County, New Jersey","Private","Waste collection","County, NAICS 5-digit -- by ownership sector","All establishment sizes",17,145,3622696,0,0,481,25027,"",1.27,0.86,0.82,0.00,0.00,0.95,0.95,"N",0,0,0,0,0,0,0,0,0,0,0,0,0,0
"34007","5","562111","78","0","1990","A","","Camden County, New Jersey","Private","Solid waste collection","County, NAICS 6-digit -- by ownership sector","All establishment sizes",12,90,2256231,0,0,480,24977,"",1.24,0.87,0.88,0.00,0.00,1.01,1.01,"N",0,0,0,0,0,0,0,0,0,0,0,0,0,0
"34007","5","56299","77","0","1990","A","","Camden County, New Jersey","Private","All other waste management services","County, NAICS 5-digit -- by ownership sector","All establishment sizes",8,32,731975,0,0,442,22994,"",1.28,0.88,0.89,0.00,0.00,1.01,1.01,"N",0,0,0,0,0,0,0,0,0,0,0,0,0,0
"34007","5","61","74","0","1990","A","","Camden County, New Jersey","Private","Educational services","County, NAICS Sector -- by ownership sector","All establishment sizes",68,1393,22929900,0,0,316,16458,"",0.94,0.56,0.42,0.00,0.00,0.76,0.76,"N",0,0,0,0,0,0,0,0,0,0,0,0,0,0
"34007","5","611","75","0","1990","A","","Camden County, New Jersey","Private","Educational services","County, NAICS 3-digit -- by ownership sector","All establishment sizes",68,1393,22929900,0,0,316,16458,"",0.94,0.56,0.42,0.00,0.00,0.76,0.76,"N",0,0,0,0,0,0,0,0,0,0,0,0,0,0
"34007","5","6111","76","0","1990","A","","Camden County, New Jersey","Private","Elementary and secondary schools","County, NAICS 4-digit -- by ownership sector","All establishment sizes",9,922,15437569,0,0,322,16750,"",0.53,1.51,1.46,0.00,0.00,0.96,0.96,"N",0,0,0,0,0,0,0,0,0,0,0,0,0,0
"34007","5","61111","77","0","1990","A","","Camden County, New Jersey","Private","Elementary and secondary schools","County, NAICS 5-digit -- by ownership sector","All establishment sizes",9,922,15437569,0,0,322,16750,"",0.53,1.51,1.46,0.00,0.00,0.96,0.96,"N",0,0,0,0,0,0,0,0,0,0,0,0,0,0
"34007","5","611110","78","0","1990","A","","Camden County, New Jersey","Private","Elementary and secondary schools","County, NAICS 6-digit -- by ownership sector","All establishment sizes",9,922,15437569,0,0,322,16750,"",0.53,1.51,1.46,0.00,0.00,0.96,0.96,"N",0,0,0,0,0,0,0,0,0,0,0,0,0,0
"34007","5","6114","76","0","1990","A","","Camden County, New Jersey","Private","Business, computer and management training","County, NAICS 4-digit -- by ownership sector","All establishment sizes",11,90,1922093,0,0,410,21337,"",1.28,0.79,0.80,0.00,0.00,1.00,1.01,"N",0,0,0,0,0,0,0,0,0,0,0,0,0,0
"34007","5","61143","77","0","1990","A","","Camden County, New Jersey","Private","Management training","County, NAICS 5-digit -- by ownership sector","All establishment sizes",3,23,696785,0,0,589,30628,"",0.55,0.48,0.61,0.00,0.00,1.28,1.28,"N",0,0,0,0,0,0,0,0,0,0,0,0,0,0
"34007","5","611430","78","0","1990","A","","Camden County, New Jersey","Private","Management training","County, NAICS 6-digit -- by ownership sector","All establishment sizes",3,23,696785,0,0,589,30628,"",0.55,0.48,0.61,0.00,0.00,1.28,1.28,"N",0,0,0,0,0,0,0,0,0,0,0,0,0,0
"34007","5","6115","76","0","1990","A","","Camden County, New Jersey","Private","Technical and trade schools","County, NAICS 4-digit -- by ownership sector","All establishment sizes",16,169,3220500,0,0,367,19103,"",1.23,1.03,1.01,0.00,0.00,0.98,0.98,"N",0,0,0,0,0,0,0,0,0,0,0,0,0,0
"34007","5","61151","77","0","1990","A","","Camden County, New Jersey","Private","Technical and trade schools","County, NAICS 5-digit -- by ownership sector","All establishment sizes",16,169,3220500,0,0,367,19103,"",1.23,1.03,1.01,0.00,0.00,0.98,0.98,"N",0,0,0,0,0,0,0,0,0,0,0,0,0,0
"34007","5","611511","78","0","1990","A","","Camden County, New Jersey","Private","Cosmetology and barber schools","County, NAICS 6-digit -- by ownership sector","All establishment sizes",5,44,764681,0,0,335,17412,"",0.91,0.92,1.28,0.00,0.00,1.40,1.40,"N",0,0,0,0,0,0,0,0,0,0,0,0,0,0
"34007","5","611519","78","0","1990","A","","Camden County, New Jersey","Private","Other technical and trade schools","County, NAICS 6-digit -- by ownership sector","All establishment sizes",9,117,2274481,0,0,374,19454,"",2.18,1.85,1.56,0.00,0.00,0.85,0.85,"N",0,0,0,0,0,0,0,0,0,0,0,0,0,0
"34007","5","6116","76","0","1990","A","","Camden County, New Jersey","Private","Other schools and instruction","County, NAICS 4-digit -- by ownership sector","All establishment sizes",27,191,1854636,0,0,186,9693,"",1.07,1.08,0.82,0.00,0.00,0.75,0.75,"N",0,0,0,0,0,0,0,0,0,0,0,0,0,0
"34007","5","61161","77","0","1990","A","","Camden County, New Jersey","Private","Fine arts schools","County, NAICS 5-digit -- by ownership sector","All establishment sizes",12,64,582716,0,0,174,9058,"",1.25,1.09,0.84,0.00,0.00,0.77,0.77,"N",0,0,0,0,0,0,0,0,0,0,0,0,0,0
"34007","5","611610","78","0","1990","A","","Camden County, New Jersey","Private","Fine arts schools","County, NAICS 6-digit -- by ownership sector","All establishment sizes",12,64,582716,0,0,174,9058,"",1.25,1.09,0.84,0.00,0.00,0.77,0.77,"N",0,0,0,0,0,0,0,0,0,0,0,0,0,0
"34007","5","61162","77","0","1990","A","","Camden County, New Jersey","Private","Sports and recreation instruction","County, NAICS 5-digit -- by ownership sector","All establishment sizes",4,86,611131,0,0,136,7072,"",0.59,1.95,1.34,0.00,0.00,0.68,0.68,"N",0,0,0,0,0,0,0,0,0,0,0,0,0,0
"34007","5","611620","78","0","1990","A","","Camden County, New Jersey","Private","Sports and recreation instruction","County, NAICS 6-digit -- by ownership sector","All establishment sizes",4,86,611131,0,0,136,7072,"",0.59,1.95,1.34,0.00,0.00,0.68,0.68,"N",0,0,0,0,0,0,0,0,0,0,0,0,0,0
"34007","5","6117","76","0","1990","A","","Camden County, New Jersey","Private","Educational support services","County, NAICS 4-digit -- by ownership sector","All establishment sizes",5,22,495102,0,0,441,22939,"",1.31,0.54,0.46,0.00,0.00,0.86,0.86,"N",0,0,0,0,0,0,0,0,0,0,0,0,0,0
"34007","5","61171","77","0","1990","A","","Camden County, New Jersey","Private","Educational support services","County, NAICS 5-digit -- by ownership sector","All establishment sizes",5,22,495102,0,0,441,22939,"",1.31,0.54,0.46,0.00,0.00,0.86,0.86,"N",0,0,0,0,0,0,0,0,0,0,0,0,0,0
"34007","5","611710","78","0","1990","A","","Camden County, New Jersey","Private","Educational support services","County, NAICS 6-digit -- by ownership sector","All establishment sizes",5,22,495102,0,0,441,22939,"",1.31,0.54,0.46,0.00,0.00,0.86,0.86,"N",0,0,0,0,0,0,0,0,0,0,0,0,0,0
"34007","5","62","74","0","1990","A","","Camden County, New Jersey","Private","Health care and social assistance","County, NAICS Sector -- by ownership sector","All establishment sizes",1023,21524,565913029,0,0,506,26292,"",1.15,1.25,1.36,0.00,0.00,1.09,1.09,"N",0,0,0,0,0,0,0,0,0,0,0,0,0,0
"34007","5","621","75","0","1990","A","","Camden County, New Jersey","Private","Ambulatory health care services","County, NAICS 3-digit -- by ownership sector","All establishment sizes",884,6685,244488386,0,0,703,36573,"",1.25,1.21,1.30,0.00,0.00,1.08,1.07,"N",0,0,0,0,0,0,0,0,0,0,0,0,0,0
"34007","5","6211","76","0","1990","A","","Camden County, New Jersey","Private","Offices of physicians","County, NAICS 4-digit -- by ownership sector","All establishment sizes",470,2945,165066587,0,0,1078,56045,"",1.37,1.23,1.40,0.00,0.00,1.14,1.14,"N",0,0,0,0,0,0,0,0,0,0,0,0,0,0
"34007","5","62111","77","0","1990","A","","Camden County, New Jersey","Private","Offices of physicians","County, NAICS 5-digit -- by ownership sector","All establishment sizes",470,2945,165066587,0,0,1078,56045,"",1.37,1.23,1.40,0.00,0.00,1.14,1.14,"N",0,0,0,0,0,0,0,0,0,0,0,0,0,0
"34007","5","621111","78","0","1990","A","","Camden County, New Jersey","Private","Offices of physicians, except mental health","County, NAICS 6-digit -- by ownership sector","All establishment sizes",446,2835,156748553,0,0,1063,55300,"",1.38,1.22,1.37,0.00,0.00,1.12,1.12,"N",0,0,0,0,0,0,0,0,0,0,0,0,0,0
"34007","5","621112","78","0","1990","A","","Camden County, New Jersey","Private","Offices of mental health physicians","County, NAICS 6-digit -- by ownership sector","All establishment sizes",24,111,8318034,0,0,1444,75106,"",1.17,1.32,2.07,0.00,0.00,1.57,1.57,"N",0,0,0,0,0,0,0,0,0,0,0,0,0,0
"34007","5","6212","76","0","1990","A","","Camden County, New Jersey","Private","Offices of dentists","County, NAICS 4-digit -- by ownership sector","All establishment sizes",189,1181,27326673,0,0,445,23137,"",1.01,1.24,1.23,0.00,0.00,0.99,0.99,"N",0,0,0,0,0,0,0,0,0,0,0,0,0,0
"34007","5","62121","77","0","1990","A","","Camden County, New Jersey","Private","Offices of dentists","County, NAICS 5-digit -- by ownership sector","All establishment sizes",189,1181,27326673,0,0,445,23137,"",1.01,1.24,1.23,0.00,0.00,0.99,0.99,"N",0,0,0,0,0,0,0,0,0,0,0,0,0,0
"34007","5","621210","78","0","1990","A","","Camden County, New Jersey","Private","Offices of dentists","County, NAICS 6-digit -- by ownership sector","All establishment sizes",189,1181,27326673,0,0,445,23137,"",1.01,1.24,1.23,0.00,0.00,0.99,0.99,"N",0,0,0,0,0,0,0,0,0,0,0,0,0,0
"34007","5","6213","76","0","1990","A","","Camden County, New Jersey","Private","Offices of other health practitioners","County, NAICS 4-digit -- by ownership sector","All establishment sizes",160,1387,25305642,0,0,351,18248,"",1.29,2.48,2.04,0.00,0.00,0.82,0.82,"N",0,0,0,0,0,0,0,0,0,0,0,0,0,0
"34007","5","62131","77","0","1990","A","","Camden County, New Jersey","Private","Offices of chiropractors","County, NAICS 5-digit -- by ownership sector","All establishment sizes",51,194,3315946,0,0,328,17063,"",1.18,1.45,1.23,0.00,0.00,0.85,0.85,"N",0,0,0,0,0,0,0,0,0,0,0,0,0,0
"34007","5","621310","78","0","1990","A","","Camden County, New Jersey","Private","Offices of chiropractors","County, NAICS 6-digit -- by ownership sector","All establishment sizes",51,194,3315946,0,0,328,17063,"",1.18,1.45,1.23,0.00,0.00,0.85,0.85,"N",0,0,0,0,0,0,0,0,0,0,0,0,0,0
"34007","5","62132","77","0","1990","A","","Camden County, New Jersey","Private","Offices of optometrists","County, NAICS 5-digit -- by ownership sector","All establishment sizes",30,100,1363923,0,0,263,13685,"",1.08,0.83,0.60,0.00,0.00,0.73,0.73,"N",0,0,0,0,0,0,0,0,0,0,0,0,0,0
"34007","5","621320","78","0","1990","A","","Camden County, New Jersey","Private","Offices of optometrists","County, NAICS 6-digit -- by ownership sector","All establishment sizes",30,100,1363923,0,0,263,13685,"",1.08,0.83,0.60,0.00,0.00,0.73,0.73,"N",0,0,0,0,0,0,0,0,0,0,0,0,0,0
"34007","5","62133","77","0","1990","A","","Camden County, New Jersey","Private","Offices of mental health practitioners","County, NAICS 5-digit -- by ownership sector","All establishment sizes",17,105,3687090,0,0,674,35032,"",0.93,1.48,2.02,0.00,0.00,1.37,1.37,"N",0,0,0,0,0,0,0,0,0,0,0,0,0,0
"34007","5","621330","78","0","1990","A","","Camden County, New Jersey","Private","Offices of mental health practitioners","County, NAICS 6-digit -- by ownership sector","All establishment sizes",17,105,3687090,0,0,674,35032,"",0.93,1.48,2.02,0.00,0.00,1.37,1.37,"N",0,0,0,0,0,0,0,0,0,0,0,0,0,0
"34007","5","62134","77","0","1990","A","","Camden County, New Jersey","Private","Offices of specialty therapists","County, NAICS 5-digit -- by ownership sector","All establishment sizes",19,719,10230966,0,0,274,14229,"",1.17,4.89,2.86,0.00,0.00,0.58,0.58,"N",0,0,0,0,0,0,0,0,0,0,0,0,0,0
"34007","5","621340","78","0","1990","A","","Camden County, New Jersey","Private","Offices of specialty therapists","County, NAICS 6-digit -- by ownership sector","All establishment sizes",19,719,10230966,0,0,274,14229,"",1.17,4.89,2.86,0.00,0.00,0.58,0.58,"N",0,0,0,0,0,0,0,0,0,0,0,0,0,0
"34007","5","62139","77","0","1990","A","","Camden County, New Jersey","Private","Offices of all other health practitioners","County, NAICS 5-digit -- by ownership sector","All establishment sizes",43,269,6707717,0,0,480,24982,"",2.28,3.15,3.28,0.00,0.00,1.04,1.04,"N",0,0,0,0,0,0,0,0,0,0,0,0,0,0
"34007","5","621391","78","0","1990","A","","Camden County, New Jersey","Private","Offices of podiatrists","County, NAICS 6-digit -- by ownership sector","All establishment sizes",35,112,2358145,0,0,404,21024,"",2.63,2.44,2.10,0.00,0.00,0.86,0.86,"N",0,0,0,0,0,0,0,0,0,0,0,0,0,0
"34007","5","621399","78","0","1990","A","","Camden County, New Jersey","Private","Offices of miscellaneous health practitioners","County, NAICS 6-digit -- by ownership sector","All establishment sizes",8,156,4349572,0,0,535,27822,"",1.45,3.96,4.72,0.00,0.00,1.19,1.19,"N",0,0,0,0,0,0,0,0,0,0,0,0,0,0
"34007","5","6214","76","0","1990","A","","Camden County, New Jersey","Private","Outpatient care centers","County, NAICS 4-digit -- by ownership sector","All establishment sizes",13,226,5584002,0,0,476,24735,"",0.74,0.43,0.38,0.00,0.00,0.87,0.87,"N",0,0,0,0,0,0,0,0,0,0,0,0,0,0
"34007","5","62149","77","0","1990","A","","Camden County, New Jersey","Private","Other outpatient care centers","County, NAICS 5-digit -- by ownership sector","All establishment sizes",8,149,4194728,0,0,542,28184,"",0.72,0.44,0.38,0.00,0.00,0.87,0.87,"N",0,0,0,0,0,0,0,0,0,0,0,0,0,0
"34007","5","621493","78","0","1990","A","","Camden County, New Jersey","Private","Freestanding emergency medical centers","County, NAICS 6-digit -- by ownership sector","All establishment sizes",5,79,2041212,0,0,497,25838,"",0.91,1.35,0.81,0.00,0.00,0.60,0.60,"N",0,0,0,0,0,0,0,0,0,0,0,0,0,0
"34007","5","6215","76","0","1990","A","","Camden County, New Jersey","Private","Medical and diagnostic laboratories","County, NAICS 4-digit -- by ownership sector","All establishment sizes",30,276,9311300,0,0,649,33747,"",2.31,1.08,1.23,0.00,0.00,1.14,1.14,"N",0,0,0,0,0,0,0,0,0,0,0,0,0,0
"34007","5","62151","77","0","1990","A","","Camden County, New Jersey","Private","Medical and diagnostic laboratories","County, NAICS 5-digit -- by ownership sector","All establishment sizes",30,276,9311300,0,0,649,33747,"",2.31,1.08,1.23,0.00,0.00,1.14,1.14,"N",0,0,0,0,0,0,0,0,0,0,0,0,0,0
"34007","5","621511","78","0","1990","A","","Camden County, New Jersey","Private","Medical laboratories","County, NAICS 6-digit -- by ownership sector","All establishment sizes",18,142,6282229,0,0,853,44345,"",2.25,0.72,1.14,0.00,0.00,1.58,1.58,"N",0,0,0,0,0,0,0,0,0,0,0,0,0,0
"34007","5","621512","78","0","1990","A","","Camden County, New Jersey","Private","Diagnostic imaging centers","County, NAICS 6-digit -- by ownership sector","All establishment sizes",12,134,3029071,0,0,434,22563,"",2.41,2.27,1.48,0.00,0.00,0.65,0.65,"N",0,0,0,0,0,0,0,0,0,0,0,0,0,0
"34007","5","6216","76","0","1990","A","","Camden County, New Jersey","Private","Home health care services","County, NAICS 4-digit -- by ownership sector","All establishment sizes",15,543,9944379,0,0,352,18300,"",1.25,0.85,1.08,0.00,0.00,1.28,1.28,"N",0,0,0,0,0,0,0,0,0,0,0,0,0,0
"34007","5","62161","77","0","1990","A","","Camden County, New Jersey","Private","Home health care services","County, NAICS 5-digit -- by ownership sector","All establishment sizes",15,543,9944379,0,0,352,18300,"",1.25,0.85,1.08,0.00,0.00,1.28,1.28,"N",0,0,0,0,0,0,0,0,0,0,0,0,0,0
"34007","5","621610","78","0","1990","A","","Camden County, New Jersey","Private","Home health care services","County, NAICS 6-digit -- by ownership sector","All establishment sizes",15,543,9944379,0,0,352,18300,"",1.25,0.85,1.08,0.00,0.00,1.28,1.28,"N",0,0,0,0,0,0,0,0,0,0,0,0,0,0
"34007","5","6219","76","0","1990","A","","Camden County, New Jersey","Private","Other ambulatory health care services","County, NAICS 4-digit -- by ownership sector","All establishment sizes",7,127,1949803,0,0,296,15373,"",0.84,0.67,0.55,0.00,0.00,0.82,0.81,"N",0,0,0,0,0,0,0,0,0,0,0,0,0,0
"34007","5","621999","78","0","1990","A","","Camden County, New Jersey","Private","Miscellaneous ambulatory health care services","County, NAICS 6-digit -- by ownership sector","All establishment sizes",5,47,936017,0,0,382,19880,"",1.95,1.75,1.53,0.00,0.00,0.87,0.87,"N",0,0,0,0,0,0,0,0,0,0,0,0,0,0
"34007","5","622","75","0","1990","A","","Camden County, New Jersey","Private","Hospitals","County, NAICS 3-digit -- by ownership sector","All establishment sizes",8,9163,237374585,0,0,498,25905,"",0.80,1.48,1.54,0.00,0.00,1.05,1.05,"N",0,0,0,0,0,0,0,0,0,0,0,0,0,0
"34007","5","6221","76","0","1990","A","","Camden County, New Jersey","Private","General medical and surgical hospitals","County, NAICS 4-digit -- by ownership sector","All establishment sizes",8,9163,237374585,0,0,498,25905,"",1.01,1.57,1.64,0.00,0.00,1.05,1.05,"N",0,0,0,0,0,0,0,0,0,0,0,0,0,0
"34007","5","62211","77","0","1990","A","","Camden County, New Jersey","Private","General medical and surgical hospitals","County, NAICS 5-digit -- by ownership sector","All establishment sizes",8,9163,237374585,0,0,498,25905,"",1.01,1.57,1.64,0.00,0.00,1.05,1.05,"N",0,0,0,0,0,0,0,0,0,0,0,0,0,0
"34007","5","622110","78","0","1990","A","","Camden County, New Jersey","Private","General medical and surgical hospitals","County, NAICS 6-digit -- by ownership sector","All establishment sizes",8,9163,237374585,0,0,498,25905,"",1.01,1.57,1.64,0.00,0.00,1.05,1.05,"N",0,0,0,0,0,0,0,0,0,0,0,0,0,0
"34007","5","623","75","0","1990","A","","Camden County, New Jersey","Private","Nursing and residential care facilities","County, NAICS 3-digit -- by ownership sector","All establishment sizes",37,3696,61374674,0,0,319,16606,"",0.63,1.05,1.27,0.00,0.00,1.21,1.21,"N",0,0,0,0,0,0,0,0,0,0,0,0,0,0
"34007","5","6231","76","0","1990","A","","Camden County, New Jersey","Private","Nursing care facilities","County, NAICS 4-digit -- by ownership sector","All establishment sizes",16,1853,33769960,0,0,350,18223,"",0.69,0.83,1.11,0.00,0.00,1.34,1.34,"N",0,0,0,0,0,0,0,0,0,0,0,0,0,0
"34007","5","62311","77","0","1990","A","","Camden County, New Jersey","Private","Nursing care facilities","County, NAICS 5-digit -- by ownership sector","All establishment sizes",16,1853,33769960,0,0,350,18223,"",0.69,0.83,1.11,0.00,0.00,1.34,1.34,"N",0,0,0,0,0,0,0,0,0,0,0,0,0,0
"34007","5","623110","78","0","1990","A","","Camden County, New Jersey","Private","Nursing care facilities","County, NAICS 6-digit -- by ownership sector","All establishment sizes",16,1853,33769960,0,0,350,18223,"",0.69,0.83,1.11,0.00,0.00,1.34,1.34,"N",0,0,0,0,0,0,0,0,0,0,0,0,0,0
"34007","5","6232","76","0","1990","A","","Camden County, New Jersey","Private","Residential mental health facilities","County, NAICS 4-digit -- by ownership sector","All establishment sizes",11,1156,17630201,0,0,293,15248,"",0.80,2.17,2.28,0.00,0.00,1.05,1.05,"N",0,0,0,0,0,0,0,0,0,0,0,0,0,0
"34007","5","62321","77","0","1990","A","","Camden County, New Jersey","Private","Residential disability facilities","County, NAICS 5-digit -- by ownership sector","All establishment sizes",6,140,1670959,0,0,229,11928,"",0.65,0.38,0.33,0.00,0.00,0.85,0.85,"N",0,0,0,0,0,0,0,0,0,0,0,0,0,0
"34007","5","623210","78","0","1990","A","","Camden County, New Jersey","Private","Residential disability facilities","County, NAICS 6-digit -- by ownership sector","All establishment sizes",6,140,1670959,0,0,229,11928,"",0.65,0.38,0.33,0.00,0.00,0.85,0.85,"N",0,0,0,0,0,0,0,0,0,0,0,0,0,0
"34007","5","62322","77","0","1990","A","","Camden County, New Jersey","Private","Residential mental and substance abuse care","County, NAICS 5-digit -- by ownership sector","All establishment sizes",5,1016,15959242,0,0,302,15705,"",1.08,6.07,6.11,0.00,0.00,1.01,1.01,"N",0,0,0,0,0,0,0,0,0,0,0,0,0,0
"34007","5","623220","78","0","1990","A","","Camden County, New Jersey","Private","Residential mental and substance abuse care","County, NAICS 6-digit -- by ownership sector","All establishment sizes",5,1016,15959242,0,0,302,15705,"",1.08,6.07,6.11,0.00,0.00,1.01,1.01,"N",0,0,0,0,0,0,0,0,0,0,0,0,0,0
"34007","5","6233","76","0","1990","A","","Camden County, New Jersey","Private","Community care facilities for the elderly","County, NAICS 4-digit -- by ownership sector","All establishment sizes",6,575,7959144,0,0,266,13842,"",0.36,0.98,1.05,0.00,0.00,1.07,1.07,"N",0,0,0,0,0,0,0,0,0,0,0,0,0,0
"34007","5","62331","77","0","1990","A","","Camden County, New Jersey","Private","Community care facilities for the elderly","County, NAICS 5-digit -- by ownership sector","All establishment sizes",6,575,7959144,0,0,266,13842,"",0.36,0.98,1.05,0.00,0.00,1.07,1.07,"N",0,0,0,0,0,0,0,0,0,0,0,0,0,0
"34007","5","623311","78","0","1990","A","","Camden County, New Jersey","Private","Continuing care retirement communities","County, NAICS 6-digit -- by ownership sector","All establishment sizes",3,485,7121579,0,0,283,14696,"",0.74,1.43,1.58,0.00,0.00,1.11,1.11,"N",0,0,0,0,0,0,0,0,0,0,0,0,0,0
"34007","5","6239","76","0","1990","A","","Camden County, New Jersey","Private","Other residential care facilities","County, NAICS 4-digit -- by ownership sector","All establishment sizes",4,112,2015369,0,0,348,18075,"",0.77,0.68,0.76,0.00,0.00,1.12,1.12,"N",0,0,0,0,0,0,0,0,0,0,0,0,0,0
"34007","5","62399","77","0","1990","A","","Camden County, New Jersey","Private","Other residential care facilities","County, NAICS 5-digit -- by ownership sector","All establishment sizes",4,112,2015369,0,0,348,18075,"",0.77,0.68,0.76,0.00,0.00,1.12,1.12,"N",0,0,0,0,0,0,0,0,0,0,0,0,0,0
"34007","5","623990","78","0","1990","A","","Camden County, New Jersey","Private","Other residential care facilities","County, NAICS 6-digit -- by ownership sector","All establishment sizes",4,112,2015369,0,0,348,18075,"",0.77,0.68,0.76,0.00,0.00,1.12,1.12,"N",0,0,0,0,0,0,0,0,0,0,0,0,0,0
"34007","5","624","75","0","1990","A","","Camden County, New Jersey","Private","Social assistance","County, NAICS 3-digit -- by ownership sector","All establishment sizes",96,1980,22675384,0,0,220,11452,"",0.82,0.98,0.88,0.00,0.00,0.89,0.89,"N",0,0,0,0,0,0,0,0,0,0,0,0,0,0
"34007","5","6241","76","0","1990","A","","Camden County, New Jersey","Private","Individual and family services","County, NAICS 4-digit -- by ownership sector","All establishment sizes",29,614,10007823,0,0,314,16304,"",0.94,0.84,0.92,0.00,0.00,1.10,1.10,"N",0,0,0,0,0,0,0,0,0,0,0,0,0,0
"34007","5","62411","77","0","1990","A","","Camden County, New Jersey","Private","Child and youth services","County, NAICS 5-digit -- by ownership sector","All establishment sizes",7,159,2354742,0,0,284,14771,"",1.14,1.21,1.17,0.00,0.00,0.96,0.96,"N",0,0,0,0,0,0,0,0,0,0,0,0,0,0
"34007","5","624110","78","0","1990","A","","Camden County, New Jersey","Private","Child and youth services","County, NAICS 6-digit -- by ownership sector","All establishment sizes",7,159,2354742,0,0,284,14771,"",1.14,1.21,1.17,0.00,0.00,0.96,0.96,"N",0,0,0,0,0,0,0,0,0,0,0,0,0,0
"34007","5","62412","77","0","1990","A","","Camden County, New Jersey","Private","Services for the elderly and disabled","County, NAICS 5-digit -- by ownership sector","All establishment sizes",6,151,2230976,0,0,283,14734,"",0.67,0.46,0.49,0.00,0.00,1.06,1.06,"N",0,0,0,0,0,0,0,0,0,0,0,0,0,0
"34007","5","624120","78","0","1990","A","","Camden County, New Jersey","Private","Services for the elderly and disabled","County, NAICS 6-digit -- by ownership sector","All establishment sizes",6,151,2230976,0,0,283,14734,"",0.67,0.46,0.49,0.00,0.00,1.06,1.06,"N",0,0,0,0,0,0,0,0,0,0,0,0,0,0
"34007","5","62419","77","0","1990","A","","Camden County, New Jersey","Private","Other individual and family services","County, NAICS 5-digit -- by ownership sector","All establishment sizes",16,303,5422105,0,0,344,17895,"",1.01,1.11,1.26,0.00,0.00,1.13,1.13,"N",0,0,0,0,0,0,0,0,0,0,0,0,0,0
"34007","5","624190","78","0","1990","A","","Camden County, New Jersey","Private","Other individual and family services","County, NAICS 6-digit -- by ownership sector","All establishment sizes",16,303,5422105,0,0,344,17895,"",1.01,1.11,1.26,0.00,0.00,1.13,1.13,"N",0,0,0,0,0,0,0,0,0,0,0,0,0,0
"34007","5","6244","76","0","1990","A","","Camden County, New Jersey","Private","Child day care services","County, NAICS 4-digit -- by ownership sector","All establishment sizes",60,1092,10164296,0,0,179,9310,"",0.92,1.51,1.48,0.00,0.00,0.98,0.98,"N",0,0,0,0,0,0,0,0,0,0,0,0,0,0
"34007","5","62441","77","0","1990","A","","Camden County, New Jersey","Private","Child day care services","County, NAICS 5-digit -- by ownership sector","All establishment sizes",60,1092,10164296,0,0,179,9310,"",0.92,1.51,1.48,0.00,0.00,0.98,0.98,"N",0,0,0,0,0,0,0,0,0,0,0,0,0,0
"34007","5","624410","78","0","1990","A","","Camden County, New Jersey","Private","Child day care services","County, NAICS 6-digit -- by ownership sector","All establishment sizes",60,1092,10164296,0,0,179,9310,"",0.92,1.51,1.48,0.00,0.00,0.98,0.98,"N",0,0,0,0,0,0,0,0,0,0,0,0,0,0
"34007","5","71","74","0","1990","A","","Camden County, New Jersey","Private","Arts, entertainment, and recreation","County, NAICS Sector -- by ownership sector","All establishment sizes",115,2248,35025981,0,0,300,15579,"",0.77,0.81,0.81,0.00,0.00,1.01,1.01,"N",0,0,0,0,0,0,0,0,0,0,0,0,0,0
"34007","5","7115","76","0","1990","A","","Camden County, New Jersey","Private","Independent artists, writers, and performers","County, NAICS 4-digit -- by ownership sector","All establishment sizes",6,10,312217,0,0,581,30215,"",0.36,0.19,0.07,0.00,0.00,0.37,0.37,"N",0,0,0,0,0,0,0,0,0,0,0,0,0,0
"34007","5","71151","77","0","1990","A","","Camden County, New Jersey","Private","Independent artists, writers, and performers","County, NAICS 5-digit -- by ownership sector","All establishment sizes",6,10,312217,0,0,581,30215,"",0.36,0.19,0.07,0.00,0.00,0.37,0.37,"N",0,0,0,0,0,0,0,0,0,0,0,0,0,0
"34007","5","711510","78","0","1990","A","","Camden County, New Jersey","Private","Independent artists, writers, and performers","County, NAICS 6-digit -- by ownership sector","All establishment sizes",6,10,312217,0,0,581,30215,"",0.36,0.19,0.07,0.00,0.00,0.37,0.37,"N",0,0,0,0,0,0,0,0,0,0,0,0,0,0
"34007","5","713","75","0","1990","A","","Camden County, New Jersey","Private","Amusements, gambling, and recreation","County, NAICS 3-digit -- by ownership sector","All establishment sizes",75,1052,17449925,0,0,319,16582,"",0.84,0.68,0.93,0.00,0.00,1.36,1.36,"N",0,0,0,0,0,0,0,0,0,0,0,0,0,0
"34007","5","71391","77","0","1990","A","","Camden County, New Jersey","Private","Golf courses and country clubs","County, NAICS 5-digit -- by ownership sector","All establishment sizes",6,168,3155989,0,0,361,18786,"",0.44,0.54,0.74,0.00,0.00,1.37,1.38,"N",0,0,0,0,0,0,0,0,0,0,0,0,0,0
"34007","5","713910","78","0","1990","A","","Camden County, New Jersey","Private","Golf courses and country clubs","County, NAICS 6-digit -- by ownership sector","All establishment sizes",6,168,3155989,0,0,361,18786,"",0.44,0.54,0.74,0.00,0.00,1.37,1.38,"N",0,0,0,0,0,0,0,0,0,0,0,0,0,0
"34007","5","71394","77","0","1990","A","","Camden County, New Jersey","Private","Fitness and recreational sports centers","County, NAICS 5-digit -- by ownership sector","All establishment sizes",40,411,4739793,0,0,222,11532,"",1.20,0.74,0.79,0.00,0.00,1.06,1.06,"N",0,0,0,0,0,0,0,0,0,0,0,0,0,0
"34007","5","713940","78","0","1990","A","","Camden County, New Jersey","Private","Fitness and recreational sports centers","County, NAICS 6-digit -- by ownership sector","All establishment sizes",40,411,4739793,0,0,222,11532,"",1.20,0.74,0.79,0.00,0.00,1.06,1.06,"N",0,0,0,0,0,0,0,0,0,0,0,0,0,0
"34007","5","71395","77","0","1990","A","","Camden County, New Jersey","Private","Bowling centers","County, NAICS 5-digit -- by ownership sector","All establishment sizes",5,117,1296285,0,0,214,11103,"",0.47,0.69,0.81,0.00,0.00,1.18,1.18,"N",0,0,0,0,0,0,0,0,0,0,0,0,0,0
"34007","5","713950","78","0","1990","A","","Camden County, New Jersey","Private","Bowling centers","County, NAICS 6-digit -- by ownership sector","All establishment sizes",5,117,1296285,0,0,214,11103,"",0.47,0.69,0.81,0.00,0.00,1.18,1.18,"N",0,0,0,0,0,0,0,0,0,0,0,0,0,0
"34007","5","71399","77","0","1990","A","","Camden County, New Jersey","Private","All other amusement and recreation industries","County, NAICS 5-digit -- by ownership sector","All establishment sizes",13,95,1530281,0,0,310,16122,"",0.68,0.67,0.96,0.00,0.00,1.42,1.42,"N",0,0,0,0,0,0,0,0,0,0,0,0,0,0
"34007","5","713990","78","0","1990","A","","Camden County, New Jersey","Private","All other amusement and recreation industries","County, NAICS 6-digit -- by ownership sector","All establishment sizes",13,95,1530281,0,0,310,16122,"",0.68,0.67,0.96,0.00,0.00,1.42,1.42,"N",0,0,0,0,0,0,0,0,0,0,0,0,0,0
"34007","5","72","74","0","1990","A","","Camden County, New Jersey","Private","Accommodation and food services","County, NAICS Sector -- by ownership sector","All establishment sizes",662,11834,114889056,0,0,187,9708,"",0.87,0.81,0.81,0.00,0.00,1.00,1.00,"N",0,0,0,0,0,0,0,0,0,0,0,0,0,0
"34007","5","721","75","0","1990","A","","Camden County, New Jersey","Private","Accommodation","County, NAICS 3-digit -- by ownership sector","All establishment sizes",39,1662,19253917,0,0,223,11585,"",0.43,0.56,0.47,0.00,0.00,0.86,0.85,"N",0,0,0,0,0,0,0,0,0,0,0,0,0,0
"34007","5","7211","76","0","1990","A","","Camden County, New Jersey","Private","Traveler accommodation","County, NAICS 4-digit -- by ownership sector","All establishment sizes",34,1640,18932842,0,0,222,11544,"",0.45,0.56,0.48,0.00,0.00,0.85,0.85,"N",0,0,0,0,0,0,0,0,0,0,0,0,0,0
"34007","5","722","75","0","1990","A","","Camden County, New Jersey","Private","Food services and drinking places","County, NAICS 3-digit -- by ownership sector","All establishment sizes",623,10172,95635139,0,0,181,9402,"",0.93,0.87,0.94,0.00,0.00,1.07,1.07,"N",0,0,0,0,0,0,0,0,0,0,0,0,0,0
"34007","5","7221","76","0","1990","A","","Camden County, New Jersey","Private","Full-service restaurants","County, NAICS 4-digit -- by ownership sector","All establishment sizes",171,4810,46310943,0,0,185,9629,"",0.73,0.98,1.03,0.00,0.00,1.06,1.06,"N",0,0,0,0,0,0,0,0,0,0,0,0,0,0
"34007","5","72211","77","0","1990","A","","Camden County, New Jersey","Private","Full-service restaurants","County, NAICS 5-digit -- by ownership sector","All establishment sizes",171,4810,46310943,0,0,185,9629,"",0.73,0.98,1.03,0.00,0.00,1.06,1.06,"N",0,0,0,0,0,0,0,0,0,0,0,0,0,0
"34007","5","722110","78","0","1990","A","","Camden County, New Jersey","Private","Full-service restaurants","County, NAICS 6-digit -- by ownership sector","All establishment sizes",171,4810,46310943,0,0,185,9629,"",0.73,0.98,1.03,0.00,0.00,1.06,1.06,"N",0,0,0,0,0,0,0,0,0,0,0,0,0,0
"34007","5","7222","76","0","1990","A","","Camden County, New Jersey","Private","Limited-service eating places","County, NAICS 4-digit -- by ownership sector","All establishment sizes",254,3551,30853197,0,0,167,8688,"",0.94,0.72,0.76,0.00,0.00,1.06,1.07,"N",0,0,0,0,0,0,0,0,0,0,0,0,0,0
"34007","5","72221","77","0","1990","A","","Camden County, New Jersey","Private","Limited-service eating places","County, NAICS 5-digit -- by ownership sector","All establishment sizes",254,3551,30853197,0,0,167,8688,"",0.94,0.72,0.76,0.00,0.00,1.06,1.07,"N",0,0,0,0,0,0,0,0,0,0,0,0,0,0
"34007","5","722211","78","0","1990","A","","Camden County, New Jersey","Private","Limited-service restaurants","County, NAICS 6-digit -- by ownership sector","All establishment sizes",188,2653,22036283,0,0,160,8308,"",0.89,0.64,0.66,0.00,0.00,1.04,1.04,"N",0,0,0,0,0,0,0,0,0,0,0,0,0,0
"34007","5","7223","76","0","1990","A","","Camden County, New Jersey","Private","Special food services","County, NAICS 4-digit -- by ownership sector","All establishment sizes",71,897,9540006,0,0,205,10634,"",1.42,0.87,0.89,0.00,0.00,1.02,1.02,"N",0,0,0,0,0,0,0,0,0,0,0,0,0,0
"34007","5","72231","77","0","1990","A","","Camden County, New Jersey","Private","Food service contractors","County, NAICS 5-digit -- by ownership sector","All establishment sizes",26,348,3961937,0,0,219,11385,"",1.03,0.56,0.60,0.00,0.00,1.08,1.08,"N",0,0,0,0,0,0,0,0,0,0,0,0,0,0
"34007","5","722310","78","0","1990","A","","Camden County, New Jersey","Private","Food service contractors","County, NAICS 6-digit -- by ownership sector","All establishment sizes",26,348,3961937,0,0,219,11385,"",1.03,0.56,0.60,0.00,0.00,1.08,1.08,"N",0,0,0,0,0,0,0,0,0,0,0,0,0,0
"34007","5","7224","76","0","1990","A","","Camden County, New Jersey","Private","Drinking places, alcoholic beverages","County, NAICS 4-digit -- by ownership sector","All establishment sizes",127,914,8930993,0,0,188,9767,"",1.11,1.23,1.47,0.00,0.00,1.20,1.20,"N",0,0,0,0,0,0,0,0,0,0,0,0,0,0
"34007","5","72241","77","0","1990","A","","Camden County, New Jersey","Private","Drinking places, alcoholic beverages","County, NAICS 5-digit -- by ownership sector","All establishment sizes",127,914,8930993,0,0,188,9767,"",1.11,1.23,1.47,0.00,0.00,1.20,1.20,"N",0,0,0,0,0,0,0,0,0,0,0,0,0,0
"34007","5","722410","78","0","1990","A","","Camden County, New Jersey","Private","Drinking places, alcoholic beverages","County, NAICS 6-digit -- by ownership sector","All establishment sizes",127,914,8930993,0,0,188,9767,"",1.11,1.23,1.47,0.00,0.00,1.20,1.20,"N",0,0,0,0,0,0,0,0,0,0,0,0,0,0
"34007","5","81","74","0","1990","A","","Camden County, New Jersey","Private","Other services, except public administration","County, NAICS Sector -- by ownership sector","All establishment sizes",962,6118,110924488,0,0,349,18130,"",0.77,0.96,1.05,0.00,0.00,1.10,1.10,"N",0,0,0,0,0,0,0,0,0,0,0,0,0,0
"34007","5","811","75","0","1990","A","","Camden County, New Jersey","Private","Repair and maintenance","County, NAICS 3-digit -- by ownership sector","All establishment sizes",389,2536,61255234,0,0,464,24151,"",1.09,1.34,1.58,0.00,0.00,1.17,1.17,"N",0,0,0,0,0,0,0,0,0,0,0,0,0,0
"34007","5","8111","76","0","1990","A","","Camden County, New Jersey","Private","Automotive repair and maintenance","County, NAICS 4-digit -- by ownership sector","All establishment sizes",280,1677,34753503,0,0,399,20728,"",1.10,1.29,1.43,0.00,0.00,1.12,1.11,"N",0,0,0,0,0,0,0,0,0,0,0,0,0,0
"34007","5","81111","77","0","1990","A","","Camden County, New Jersey","Private","Automotive mechanical and electrical repair","County, NAICS 5-digit -- by ownership sector","All establishment sizes",170,804,16856968,0,0,403,20956,"",1.11,1.18,1.28,0.00,0.00,1.08,1.08,"N",0,0,0,0,0,0,0,0,0,0,0,0,0,0
"34007","5","811111","78","0","1990","A","","Camden County, New Jersey","Private","General automotive repair","County, NAICS 6-digit -- by ownership sector","All establishment sizes",125,574,11852886,0,0,397,20653,"",1.12,1.18,1.29,0.00,0.00,1.09,1.09,"N",0,0,0,0,0,0,0,0,0,0,0,0,0,0
"34007","5","811112","78","0","1990","A","","Camden County, New Jersey","Private","Automotive exhaust system repair","County, NAICS 6-digit -- by ownership sector","All establishment sizes",11,123,2902245,0,0,454,23628,"",1.40,2.94,3.15,0.00,0.00,1.07,1.07,"N",0,0,0,0,0,0,0,0,0,0,0,0,0,0
"34007","5","811113","78","0","1990","A","","Camden County, New Jersey","Private","Automotive transmission repair","County, NAICS 6-digit -- by ownership sector","All establishment sizes",17,40,723411,0,0,351,18237,"",1.53,0.87,0.75,0.00,0.00,0.87,0.87,"N",0,0,0,0,0,0,0,0,0,0,0,0,0,0
"34007","5","811118","78","0","1990","A","","Camden County, New Jersey","Private","Other automotive mechanical and elec. repair","County, NAICS 6-digit -- by ownership sector","All establishment sizes",17,68,1378426,0,0,390,20271,"",0.78,0.66,0.67,0.00,0.00,1.00,1.00,"N",0,0,0,0,0,0,0,0,0,0,0,0,0,0
"34007","5","81112","77","0","1990","A","","Camden County, New Jersey","Private","Automotive body, interior, and glass repair","County, NAICS 5-digit -- by ownership sector","All establishment sizes",77,572,14682119,0,0,494,25668,"",1.06,1.56,1.81,0.00,0.00,1.16,1.16,"N",0,0,0,0,0,0,0,0,0,0,0,0,0,0
"34007","5","811121","78","0","1990","A","","Camden County, New Jersey","Private","Automotive body and interior repair","County, NAICS 6-digit -- by ownership sector","All establishment sizes",71,528,13778304,0,0,502,26079,"",1.09,1.64,1.95,0.00,0.00,1.19,1.19,"N",0,0,0,0,0,0,0,0,0,0,0,0,0,0
"34007","5","811122","78","0","1990","A","","Camden County, New Jersey","Private","Automotive glass replacement shops","County, NAICS 6-digit -- by ownership sector","All establishment sizes",6,44,903815,0,0,398,20698,"",0.85,0.96,0.86,0.00,0.00,0.90,0.90,"N",0,0,0,0,0,0,0,0,0,0,0,0,0,0
"34007","5","81119","77","0","1990","A","","Camden County, New Jersey","Private","Other automotive repair and maintenance","County, NAICS 5-digit -- by ownership sector","All establishment sizes",33,300,3214416,0,0,206,10706,"",1.16,1.18,1.09,0.00,0.00,0.92,0.92,"N",0,0,0,0,0,0,0,0,0,0,0,0,0,0
"34007","5","811192","78","0","1990","A","","Camden County, New Jersey","Private","Car washes","County, NAICS 6-digit -- by ownership sector","All establishment sizes",25,226,2220100,0,0,189,9838,"",1.29,1.23,1.20,0.00,0.00,0.97,0.97,"N",0,0,0,0,0,0,0,0,0,0,0,0,0,0
"34007","5","8112","76","0","1990","A","","Camden County, New Jersey","Private","Electronic equipment repair and maintenance","County, NAICS 4-digit -- by ownership sector","All establishment sizes",41,412,11495863,0,0,537,27931,"",1.58,2.35,2.25,0.00,0.00,0.96,0.96,"N",0,0,0,0,0,0,0,0,0,0,0,0,0,0
"34007","5","81121","77","0","1990","A","","Camden County, New Jersey","Private","Electronic equipment repair and maintenance","County, NAICS 5-digit -- by ownership sector","All establishment sizes",41,412,11495863,0,0,537,27931,"",1.58,2.35,2.25,0.00,0.00,0.96,0.96,"N",0,0,0,0,0,0,0,0,0,0,0,0,0,0
"34007","5","811211","78","0","1990","A","","Camden County, New Jersey","Private","Consumer electronics repair and maintenance","County, NAICS 6-digit -- by ownership sector","All establishment sizes",15,68,1486195,0,0,423,21991,"",1.80,1.86,1.96,0.00,0.00,1.06,1.06,"N",0,0,0,0,0,0,0,0,0,0,0,0,0,0
"34007","5","811212","78","0","1990","A","","Camden County, New Jersey","Private","Computer and office machine repair","County, NAICS 6-digit -- by ownership sector","All establishment sizes",12,149,4581252,0,0,591,30729,"",1.45,2.17,1.92,0.00,0.00,0.89,0.89,"N",0,0,0,0,0,0,0,0,0,0,0,0,0,0
"34007","5","8113","76","0","1990","A","","Camden County, New Jersey","Private","Commercial machinery repair and maintenance","County, NAICS 4-digit -- by ownership sector","All establishment sizes",34,181,6250997,0,0,664,34536,"",0.90,0.76,1.00,0.00,0.00,1.31,1.31,"N",0,0,0,0,0,0,0,0,0,0,0,0,0,0
"34007","5","81131","77","0","1990","A","","Camden County, New Jersey","Private","Commercial machinery repair and maintenance","County, NAICS 5-digit -- by ownership sector","All establishment sizes",34,181,6250997,0,0,664,34536,"",0.90,0.76,1.00,0.00,0.00,1.31,1.31,"N",0,0,0,0,0,0,0,0,0,0,0,0,0,0
"34007","5","811310","78","0","1990","A","","Camden County, New Jersey","Private","Commercial machinery repair and maintenance","County, NAICS 6-digit -- by ownership sector","All establishment sizes",34,181,6250997,0,0,664,34536,"",0.90,0.76,1.00,0.00,0.00,1.31,1.31,"N",0,0,0,0,0,0,0,0,0,0,0,0,0,0
"34007","5","8114","76","0","1990","A","","Camden County, New Jersey","Private","Household goods repair and maintenance","County, NAICS 4-digit -- by ownership sector","All establishment sizes",34,267,8754871,0,0,630,32780,"",0.85,1.50,2.65,0.00,0.00,1.77,1.77,"N",0,0,0,0,0,0,0,0,0,0,0,0,0,0
"34007","5","81142","77","0","1990","A","","Camden County, New Jersey","Private","Reupholstery and furniture repair","County, NAICS 5-digit -- by ownership sector","All establishment sizes",12,22,339987,0,0,302,15692,"",0.95,0.49,0.45,0.00,0.00,0.94,0.94,"N",0,0,0,0,0,0,0,0,0,0,0,0,0,0
"34007","5","811420","78","0","1990","A","","Camden County, New Jersey","Private","Reupholstery and furniture repair","County, NAICS 6-digit -- by ownership sector","All establishment sizes",12,22,339987,0,0,302,15692,"",0.95,0.49,0.45,0.00,0.00,0.94,0.94,"N",0,0,0,0,0,0,0,0,0,0,0,0,0,0
"34007","5","81149","77","0","1990","A","","Camden County, New Jersey","Private","Other household goods repair and maintenance","County, NAICS 5-digit -- by ownership sector","All establishment sizes",12,34,554469,0,0,310,16110,"",0.88,0.54,0.47,0.00,0.00,0.87,0.87,"N",0,0,0,0,0,0,0,0,0,0,0,0,0,0
"34007","5","811490","78","0","1990","A","","Camden County, New Jersey","Private","Other household goods repair and maintenance","County, NAICS 6-digit -- by ownership sector","All establishment sizes",12,34,554469,0,0,310,16110,"",0.88,0.54,0.47,0.00,0.00,0.87,0.87,"N",0,0,0,0,0,0,0,0,0,0,0,0,0,0
"34007","5","812","75","0","1990","A","","Camden County, New Jersey","Private","Personal and laundry services","County, NAICS 3-digit -- by ownership sector","All establishment sizes",381,2371,30312631,0,0,246,12784,"",1.31,1.14,1.04,0.00,0.00,0.92,0.92,"N",0,0,0,0,0,0,0,0,0,0,0,0,0,0
"34007","5","8121","76","0","1990","A","","Camden County, New Jersey","Private","Personal care services","County, NAICS 4-digit -- by ownership sector","All establishment sizes",202,1162,11612798,0,0,192,9991,"",1.32,1.50,1.32,0.00,0.00,0.88,0.88,"N",0,0,0,0,0,0,0,0,0,0,0,0,0,0
"34007","5","81211","77","0","1990","A","","Camden County, New Jersey","Private","Hair, nail, and skin care services","County, NAICS 5-digit -- by ownership sector","All establishment sizes",187,944,9507707,0,0,194,10074,"",1.34,1.41,1.23,0.00,0.00,0.87,0.87,"N",0,0,0,0,0,0,0,0,0,0,0,0,0,0
"34007","5","812112","78","0","1990","A","","Camden County, New Jersey","Private","Beauty salons","County, NAICS 6-digit -- by ownership sector","All establishment sizes",153,851,8678977,0,0,196,10204,"",1.26,1.39,1.23,0.00,0.00,0.88,0.88,"N",0,0,0,0,0,0,0,0,0,0,0,0,0,0
"34007","5","81219","77","0","1990","A","","Camden County, New Jersey","Private","Other personal care services","County, NAICS 5-digit -- by ownership sector","All establishment sizes",16,219,2105091,0,0,185,9631,"",1.18,2.07,2.00,0.00,0.00,0.97,0.97,"N",0,0,0,0,0,0,0,0,0,0,0,0,0,0
"34007","5","8122","76","0","1990","A","","Camden County, New Jersey","Private","Death care services","County, NAICS 4-digit -- by ownership sector","All establishment sizes",36,163,3834703,0,0,453,23562,"",1.06,0.67,0.77,0.00,0.00,1.15,1.15,"N",0,0,0,0,0,0,0,0,0,0,0,0,0,0
"34007","5","81221","77","0","1990","A","","Camden County, New Jersey","Private","Funeral homes and funeral services","County, NAICS 5-digit -- by ownership sector","All establishment sizes",27,117,3077913,0,0,506,26288,"",1.17,0.80,0.99,0.00,0.00,1.24,1.24,"N",0,0,0,0,0,0,0,0,0,0,0,0,0,0
"34007","5","812210","78","0","1990","A","","Camden County, New Jersey","Private","Funeral homes and funeral services","County, NAICS 6-digit -- by ownership sector","All establishment sizes",27,117,3077913,0,0,506,26288,"",1.17,0.80,0.99,0.00,0.00,1.24,1.24,"N",0,0,0,0,0,0,0,0,0,0,0,0,0,0
"34007","5","81222","77","0","1990","A","","Camden County, New Jersey","Private","Cemeteries and crematories","County, NAICS 5-digit -- by ownership sector","All establishment sizes",9,46,756790,0,0,319,16572,"",0.82,0.48,0.41,0.00,0.00,0.86,0.86,"N",0,0,0,0,0,0,0,0,0,0,0,0,0,0
"34007","5","812220","78","0","1990","A","","Camden County, New Jersey","Private","Cemeteries and crematories","County, NAICS 6-digit -- by ownership sector","All establishment sizes",9,46,756790,0,0,319,16572,"",0.82,0.48,0.41,0.00,0.00,0.86,0.86,"N",0,0,0,0,0,0,0,0,0,0,0,0,0,0
"34007","5","8123","76","0","1990","A","","Camden County, New Jersey","Private","Drycleaning and laundry services","County, NAICS 4-digit -- by ownership sector","All establishment sizes",100,772,11063207,0,0,275,14323,"",1.41,1.09,1.15,0.00,0.00,1.06,1.06,"N",0,0,0,0,0,0,0,0,0,0,0,0,0,0
"34007","5","81231","77","0","1990","A","","Camden County, New Jersey","Private","Coin-operated laundries and drycleaners","County, NAICS 5-digit -- by ownership sector","All establishment sizes",17,50,353919,0,0,137,7114,"",0.88,0.61,0.42,0.00,0.00,0.70,0.70,"N",0,0,0,0,0,0,0,0,0,0,0,0,0,0
"34007","5","812310","78","0","1990","A","","Camden County, New Jersey","Private","Coin-operated laundries and drycleaners","County, NAICS 6-digit -- by ownership sector","All establishment sizes",17,50,353919,0,0,137,7114,"",0.88,0.61,0.42,0.00,0.00,0.70,0.70,"N",0,0,0,0,0,0,0,0,0,0,0,0,0,0
"34007","5","81232","77","0","1990","A","","Camden County, New Jersey","Private","Drycleaning and laundry services","County, NAICS 5-digit -- by ownership sector","All establishment sizes",76,370,4459031,0,0,232,12057,"",1.62,0.89,0.91,0.00,0.00,1.03,1.03,"N",0,0,0,0,0,0,0,0,0,0,0,0,0,0
"34007","5","812320","78","0","1990","A","","Camden County, New Jersey","Private","Drycleaning and laundry services","County, NAICS 6-digit -- by ownership sector","All establishment sizes",76,370,4459031,0,0,232,12057,"",1.62,0.89,0.91,0.00,0.00,1.03,1.03,"N",0,0,0,0,0,0,0,0,0,0,0,0,0,0
"34007","5","81233","77","0","1990","A","","Camden County, New Jersey","Private","Linen and uniform supply","County, NAICS 5-digit -- by ownership sector","All establishment sizes",8,353,6250257,0,0,341,17714,"",1.80,1.65,1.60,0.00,0.00,0.97,0.97,"N",0,0,0,0,0,0,0,0,0,0,0,0,0,0
"34007","5","8129","76","0","1990","A","","Camden County, New Jersey","Private","Other personal services","County, NAICS 4-digit -- by ownership sector","All establishment sizes",42,274,3801923,0,0,267,13897,"",1.22,0.76,0.67,0.00,0.00,0.87,0.87,"N",0,0,0,0,0,0,0,0,0,0,0,0,0,0
"34007","5","81291","77","0","1990","A","","Camden County, New Jersey","Private","Pet care, except veterinary, services","County, NAICS 5-digit -- by ownership sector","All establishment sizes",11,58,577049,0,0,191,9921,"",1.15,1.69,1.41,0.00,0.00,0.83,0.83,"N",0,0,0,0,0,0,0,0,0,0,0,0,0,0
"34007","5","812910","78","0","1990","A","","Camden County, New Jersey","Private","Pet care, except veterinary, services","County, NAICS 6-digit -- by ownership sector","All establishment sizes",11,58,577049,0,0,191,9921,"",1.15,1.69,1.41,0.00,0.00,0.83,0.83,"N",0,0,0,0,0,0,0,0,0,0,0,0,0,0
"34007","5","81299","77","0","1990","A","","Camden County, New Jersey","Private","All other personal services","County, NAICS 5-digit -- by ownership sector","All establishment sizes",7,34,411318,0,0,230,11951,"",0.98,0.80,0.63,0.00,0.00,0.78,0.78,"N",0,0,0,0,0,0,0,0,0,0,0,0,0,0
"34007","5","812990","78","0","1990","A","","Camden County, New Jersey","Private","All other personal services","County, NAICS 6-digit -- by ownership sector","All establishment sizes",7,34,411318,0,0,230,11951,"",0.98,0.80,0.63,0.00,0.00,0.78,0.78,"N",0,0,0,0,0,0,0,0,0,0,0,0,0,0
"34007","5","813","75","0","1990","A","","Camden County, New Jersey","Private","Membership associations and organizations","County, NAICS 3-digit -- by ownership sector","All establishment sizes",123,1144,18717896,0,0,315,16367,"",0.61,0.59,0.57,0.00,0.00,0.96,0.96,"N",0,0,0,0,0,0,0,0,0,0,0,0,0,0
"34007","5","8131","76","0","1990","A","","Camden County, New Jersey","Private","Religious organizations","County, NAICS 4-digit -- by ownership sector","All establishment sizes",9,83,1068767,0,0,247,12851,"",0.49,0.45,0.43,0.00,0.00,0.95,0.95,"N",0,0,0,0,0,0,0,0,0,0,0,0,0,0
"34007","5","81311","77","0","1990","A","","Camden County, New Jersey","Private","Religious organizations","County, NAICS 5-digit -- by ownership sector","All establishment sizes",9,83,1068767,0,0,247,12851,"",0.49,0.45,0.43,0.00,0.00,0.95,0.95,"N",0,0,0,0,0,0,0,0,0,0,0,0,0,0
"34007","5","813110","78","0","1990","A","","Camden County, New Jersey","Private","Religious organizations","County, NAICS 6-digit -- by ownership sector","All establishment sizes",9,83,1068767,0,0,247,12851,"",0.49,0.45,0.43,0.00,0.00,0.95,0.95,"N",0,0,0,0,0,0,0,0,0,0,0,0,0,0
"34007","5","8132","76","0","1990","A","","Camden County, New Jersey","Private","Grantmaking and giving services","County, NAICS 4-digit -- by ownership sector","All establishment sizes",13,132,1731039,0,0,253,13164,"",1.03,0.76,0.47,0.00,0.00,0.62,0.62,"N",0,0,0,0,0,0,0,0,0,0,0,0,0,0
"34007","5","81321","77","0","1990","A","","Camden County, New Jersey","Private","Grantmaking and giving services","County, NAICS 5-digit -- by ownership sector","All establishment sizes",13,132,1731039,0,0,253,13164,"",1.03,0.76,0.47,0.00,0.00,0.62,0.62,"N",0,0,0,0,0,0,0,0,0,0,0,0,0,0
"34007","5","813211","78","0","1990","A","","Camden County, New Jersey","Private","Grantmaking foundations","County, NAICS 6-digit -- by ownership sector","All establishment sizes",4,23,568277,0,0,477,24798,"",0.87,0.46,0.49,0.00,0.00,1.08,1.07,"N",0,0,0,0,0,0,0,0,0,0,0,0,0,0
"34007","5","813212","78","0","1990","A","","Camden County, New Jersey","Private","Voluntary health organizations","County, NAICS 6-digit -- by ownership sector","All establishment sizes",3,15,278717,0,0,359,18685,"",0.98,0.28,0.25,0.00,0.00,0.88,0.88,"N",0,0,0,0,0,0,0,0,0,0,0,0,0,0
"34007","5","813219","78","0","1990","A","","Camden County, New Jersey","Private","Other grantmaking and giving services","County, NAICS 6-digit -- by ownership sector","All establishment sizes",6,94,884045,0,0,182,9438,"",1.22,1.32,0.62,0.00,0.00,0.47,0.47,"N",0,0,0,0,0,0,0,0,0,0,0,0,0,0
"34007","5","8133","76","0","1990","A","","Camden County, New Jersey","Private","Social advocacy organizations","County, NAICS 4-digit -- by ownership sector","All establishment sizes",12,243,3596606,0,0,284,14786,"",0.83,1.16,1.04,0.00,0.00,0.90,0.90,"N",0,0,0,0,0,0,0,0,0,0,0,0,0,0
"34007","5","81331","77","0","1990","A","","Camden County, New Jersey","Private","Social advocacy organizations","County, NAICS 5-digit -- by ownership sector","All establishment sizes",12,243,3596606,0,0,284,14786,"",0.83,1.16,1.04,0.00,0.00,0.90,0.90,"N",0,0,0,0,0,0,0,0,0,0,0,0,0,0
"34007","5","813319","78","0","1990","A","","Camden County, New Jersey","Private","Other social advocacy organizations","County, NAICS 6-digit -- by ownership sector","All establishment sizes",6,53,1238501,0,0,453,23553,"",0.86,0.48,0.73,0.00,0.00,1.53,1.53,"N",0,0,0,0,0,0,0,0,0,0,0,0,0,0
"34007","5","8134","76","0","1990","A","","Camden County, New Jersey","Private","Civic and social organizations","County, NAICS 4-digit -- by ownership sector","All establishment sizes",13,273,1854140,0,0,131,6792,"",0.24,0.42,0.26,0.00,0.00,0.63,0.62,"N",0,0,0,0,0,0,0,0,0,0,0,0,0,0
"34007","5","81341","77","0","1990","A","","Camden County, New Jersey","Private","Civic and social organizations","County, NAICS 5-digit -- by ownership sector","All establishment sizes",13,273,1854140,0,0,131,6792,"",0.24,0.42,0.26,0.00,0.00,0.63,0.62,"N",0,0,0,0,0,0,0,0,0,0,0,0,0,0
"34007","5","813410","78","0","1990","A","","Camden County, New Jersey","Private","Civic and social organizations","County, NAICS 6-digit -- by ownership sector","All establishment sizes",13,273,1854140,0,0,131,6792,"",0.24,0.42,0.26,0.00,0.00,0.63,0.62,"N",0,0,0,0,0,0,0,0,0,0,0,0,0,0
"34007","5","8139","76","0","1990","A","","Camden County, New Jersey","Private","Professional and similar organizations","County, NAICS 4-digit -- by ownership sector","All establishment sizes",77,413,10467344,0,0,488,25360,"",0.75,0.58,0.65,0.00,0.00,1.13,1.13,"N",0,0,0,0,0,0,0,0,0,0,0,0,0,0
"34007","5","81392","77","0","1990","A","","Camden County, New Jersey","Private","Professional organizations","County, NAICS 5-digit -- by ownership sector","All establishment sizes",8,30,493032,0,0,316,16434,"",0.98,0.31,0.16,0.00,0.00,0.51,0.51,"N",0,0,0,0,0,0,0,0,0,0,0,0,0,0
"34007","5","813920","78","0","1990","A","","Camden County, New Jersey","Private","Professional organizations","County, NAICS 6-digit -- by ownership sector","All establishment sizes",8,30,493032,0,0,316,16434,"",0.98,0.31,0.16,0.00,0.00,0.51,0.51,"N",0,0,0,0,0,0,0,0,0,0,0,0,0,0
"34007","5","81393","77","0","1990","A","","Camden County, New Jersey","Private","Labor unions and similar labor organizations","County, NAICS 5-digit -- by ownership sector","All establishment sizes",32,156,4858418,0,0,601,31227,"",0.95,0.61,1.06,0.00,0.00,1.74,1.74,"N",0,0,0,0,0,0,0,0,0,0,0,0,0,0
"34007","5","813930","78","0","1990","A","","Camden County, New Jersey","Private","Labor unions and similar labor organizations","County, NAICS 6-digit -- by ownership sector","All establishment sizes",32,156,4858418,0,0,601,31227,"",0.95,0.61,1.06,0.00,0.00,1.74,1.74,"N",0,0,0,0,0,0,0,0,0,0,0,0,0,0
"34007","5","81399","77","0","1990","A","","Camden County, New Jersey","Private","Other similar organizations","County, NAICS 5-digit -- by ownership sector","All establishment sizes",23,135,2518755,0,0,359,18646,"",0.89,0.89,1.07,0.00,0.00,1.21,1.20,"N",0,0,0,0,0,0,0,0,0,0,0,0,0,0
"34007","5","813990","78","0","1990","A","","Camden County, New Jersey","Private","Other similar organizations","County, NAICS 6-digit -- by ownership sector","All establishment sizes",23,135,2518755,0,0,359,18646,"",0.89,0.89,1.07,0.00,0.00,1.21,1.20,"N",0,0,0,0,0,0,0,0,0,0,0,0,0,0
"34007","5","814","75","0","1990","A","","Camden County, New Jersey","Private","Private households","County, NAICS 3-digit -- by ownership sector","All establishment sizes",69,67,638727,0,0,182,9486,"",0.17,0.14,0.13,0.00,0.00,0.97,0.97,"N",0,0,0,0,0,0,0,0,0,0,0,0,0,0
"34007","5","8141","76","0","1990","A","","Camden County, New Jersey","Private","Private households","County, NAICS 4-digit -- by ownership sector","All establishment sizes",69,67,638727,0,0,182,9486,"",0.17,0.14,0.13,0.00,0.00,0.97,0.97,"N",0,0,0,0,0,0,0,0,0,0,0,0,0,0
"34007","5","81411","77","0","1990","A","","Camden County, New Jersey","Private","Private households","County, NAICS 5-digit -- by ownership sector","All establishment sizes",69,67,638727,0,0,182,9486,"",0.17,0.14,0.13,0.00,0.00,0.97,0.97,"N",0,0,0,0,0,0,0,0,0,0,0,0,0,0
"34007","5","814110","78","0","1990","A","","Camden County, New Jersey","Private","Private households","County, NAICS 6-digit -- by ownership sector","All establishment sizes",69,67,638727,0,0,182,9486,"",0.17,0.14,0.13,0.00,0.00,0.97,0.97,"N",0,0,0,0,0,0,0,0,0,0,0,0,0,0
